
Resp charges for organic molecule                                               

iqopt   irstrnt  ihfree     qwt
  2      1      1        0.001000

 rel.rms   dipole mom       Qxx      Qyy      Qzz
    7.17183   3.90548 -71.78251   3.20288  68.57963

          Point charges before & after optimization
    NO   At.No.    q0           q(opt)   IVARY  d(rstr)/dq 
     1     8  -2.016265      -2.016265  -99    0.000495
     2     1  -0.139880      -0.139880  -99    0.000000
     3     6   5.880832       5.880832  -99    0.000170
     4     1  -2.363633      -2.363633  -99    0.000000
     5     6  -0.914699      -0.914699  -99    0.001087
     6     6  -0.647576      -0.647576  -99    0.001526
     7     6   0.786041       0.786041  -99    0.001262
     8     6  -0.000939      -0.000939  -99    0.010000
     9     6   0.786041       0.786041  -99    0.001262
    10     6  -0.647576      -0.647576  -99    0.001526
    11     6   5.880832       5.880832  -99    0.000170
    12     6  -0.914699      -0.914699  -99    0.001087
    13     6  -0.647576      -0.647576  -99    0.001526
    14     6   0.786041       0.786041  -99    0.001262
    15     6  -0.000939      -0.000939  -99    0.010000
    16     6   0.786041       0.786041  -99    0.001262
    17     6  -0.647576      -0.647576  -99    0.001526
    18     8  -2.016265      -2.016265  -99    0.000495
    19     1  -0.139880      -0.139880  -99    0.000000
    20     1   0.097614       0.097614  -99    0.000000
    21     1  -0.510542      -0.510542  -99    0.000000
    22     1  -0.396490      -0.396490  -99    0.000000
    23     1  -0.510542      -0.510542  -99    0.000000
    24     1   0.097614       0.097614  -99    0.000000
    25     1  -2.363633      -2.363633  -99    0.000000
    26     1   0.097614       0.097614  -99    0.000000
    27     1  -0.510542      -0.510542  -99    0.000000
    28     1  -0.396490      -0.396490  -99    0.000000
    29     1  -0.510542      -0.510542  -99    0.000000
    30     1   0.097614       0.097614  -99    0.000000

        Statistics of the fitting:
  The initial sum of squares (ssvpot)                      1.530
  The residual sum of squares (chipot)                    78.714
  The std err of estimate (sqrt(chipot/N))               0.10039
  ESP relative RMS (SQRT(chipot/ssvpot))                 7.17183

 Dipole Moment (Debye)=   3.90548
