0	0.959133
1	0.990992
2	0.955693
3	0.971383
4	1.026333
5	0.930682
6	0.954135
7	1.010526
8	0.993756
9	0.949253
10	0.946107
11	1.011174
12	0.972475
13	0.965324
14	0.953308
15	0.968882
16	0.980358
17	0.975139
18	0.974875
19	1.001553
20	0.990481
21	0.959190
22	0.950193
23	0.972961
24	0.994867
25	0.993935
26	0.949057
27	0.990528
28	0.998517
29	0.965905
30	0.960553
31	0.999951
32	0.961501
33	0.942013
34	0.954597
35	1.016487
36	0.955709
37	0.961298
38	0.947731
39	0.949638
40	0.990512
41	1.003939
42	0.964226
43	1.012553
44	0.999553
45	0.985202
46	0.942539
47	0.974364
48	0.998644
49	0.988460
50	0.936977
51	1.024315
52	1.007658
53	0.939492
54	0.964878
55	0.999771
56	1.008782
57	0.958754
58	0.940643
59	0.938896
60	0.999748
61	1.006852
62	0.976516
63	0.939228
64	0.976872
65	0.986506
66	0.941665
67	0.991712
68	1.009362
69	0.935765
70	0.978108
71	1.017530
72	0.947912
73	0.994595
74	1.006126
75	0.944093
76	0.953432
77	1.018888
78	0.953278
79	0.942694
80	0.971757
81	1.009157
82	0.959297
83	0.952091
84	1.012587
85	0.953993
86	0.956700
87	1.012069
88	0.952870
89	1.010417
90	0.952533
91	0.959273
92	0.993726
93	0.995180
94	0.930903
95	0.987073
96	1.004559
97	0.945323
98	0.938016
99	0.995894
100	0.972812
101	0.942007
102	0.977528
103	0.981796
104	1.001522
105	0.984323
106	0.960799
107	0.951736
108	0.945355
109	0.937245
110	0.935387
111	0.963557
112	0.977346
113	0.997788
114	0.956532
115	1.011381
116	0.966747
117	0.970984
118	0.944222
119	0.983636
120	0.999470
121	1.000590
122	0.958083
123	0.946217
124	0.937848
125	0.934141
126	0.954501
127	0.978682
128	0.997317
129	0.984712
130	1.006914
131	0.990513
132	0.969622
133	0.948931
134	0.972502
135	0.959135
136	0.979939
137	0.995245
138	0.967345
139	0.963872
140	0.958069
141	0.961203
142	0.971757
143	0.964611
144	0.983470
145	0.965656
146	0.973743
147	0.989755
148	0.968319
149	0.969211
150	0.985330
151	0.994155
152	0.951836
153	0.974889
154	0.985119
155	0.963131
156	0.953187
157	0.953406
158	0.976378
159	0.974841
160	0.982852
161	0.964608
162	0.960544
163	0.983347
164	0.964669
165	0.966512
166	0.981545
167	0.981502
168	0.962141
169	0.949200
170	1.009827
171	0.963460
172	0.992929
173	0.991894
174	0.963342
175	0.943382
176	0.978825
177	0.988535
178	0.990190
179	0.949432
180	0.949801
181	0.990710
182	1.000834
183	0.978599
184	0.953412
185	0.950277
186	0.975142
187	0.989779
188	0.970192
189	0.954406
190	0.958733
191	0.988958
192	0.978691
193	0.973584
194	0.977055
195	0.985184
196	0.963622
197	0.970960
198	0.991273
199	0.968944
200	0.945325
201	0.981418
202	0.986118
203	0.983268
204	0.975668
205	0.948529
206	0.944175
207	0.981405
208	0.982282
209	0.984100
210	0.959891
211	0.965292
212	0.970010
213	0.959864
214	0.954409
215	0.962882
216	0.966725
217	0.977875
218	0.972857
219	0.979319
220	0.954842
221	0.955801
222	0.967641
223	0.978950
224	0.981588
225	0.962720
226	0.971125
227	0.947874
228	0.956160
229	0.992094
230	0.990557
231	0.962179
232	0.958992
233	1.008270
234	0.983375
235	0.931766
236	0.980522
237	0.999009
238	0.980878
239	0.946393
240	0.958416
241	1.001655
242	0.953182
243	0.962366
244	1.001596
245	0.990714
246	0.976771
247	0.940646
248	0.980906
249	0.992794
250	0.983138
251	1.008880
252	0.953285
253	0.942210
254	1.013095
255	0.975232
256	0.968960
257	0.960548
258	0.945405
259	0.941409
260	0.981373
261	0.981844
262	0.964057
263	0.966903
264	0.991584
265	0.959293
266	0.953206
267	0.991585
268	0.973565
269	0.952765
270	0.944924
271	0.957275
272	1.009118
273	0.972845
274	0.948430
275	0.990659
276	0.984064
277	0.949399
278	0.947559
279	0.942312
280	0.937791
281	0.944473
282	0.955857
283	0.990252
284	0.996046
285	0.961818
286	0.948240
287	0.968007
288	0.976228
289	1.000427
290	1.012414
291	0.992813
292	0.957725
293	0.958011
294	0.969305
295	0.992544
296	0.998086
297	0.976884
298	0.977879
299	0.987838
300	0.966255
301	0.974971
302	0.951836
303	0.987272
304	0.965753
305	0.962775
306	0.965331
307	0.978216
308	0.994420
309	0.980550
310	0.959640
311	0.969300
312	0.969682
313	0.979453
314	0.972334
315	1.006665
316	0.978274
317	0.949630
318	0.957108
319	0.986792
320	1.009370
321	0.963875
322	0.968011
323	0.990968
324	0.970079
325	0.982843
326	0.986439
327	0.963316
328	0.960694
329	0.982105
330	0.974637
331	0.966044
332	0.978633
333	0.965333
334	0.962981
335	0.968896
336	0.987374
337	0.969307
338	0.949514
339	0.973260
340	0.991148
341	0.981187
342	0.974627
343	0.971085
344	0.998325
345	0.959645
346	0.948639
347	0.995396
348	0.976117
349	0.958648
350	0.953758
351	0.993143
352	0.974255
353	0.979691
354	0.963233
355	0.964832
356	0.960078
357	0.965677
358	0.992743
359	0.989907
360	0.968085
361	0.963856
362	0.960063
363	0.966256
364	0.974201
365	0.975891
366	0.966913
367	0.952642
368	0.948301
369	0.983821
370	0.990170
371	0.994276
372	0.935921
373	0.950752
374	1.023780
375	0.980344
376	0.940549
377	0.944010
378	0.942666
379	1.009371
380	1.008620
381	0.987586
382	0.945628
383	0.970948
384	1.004350
385	1.013012
386	1.003924
387	0.996759
388	1.001806
389	1.015516
390	0.957920
391	0.935299
392	0.984959
393	1.008911
394	0.999487
395	0.972936
396	0.957525
397	0.948645
398	0.956406
399	1.004148
400	0.978258
401	0.951586
402	0.967842
403	0.984560
404	0.984323
405	0.969118
406	0.959530
407	0.962790
408	0.944377
409	0.952388
410	0.977506
411	0.989238
412	0.983401
413	0.987551
414	0.980709
415	0.941322
416	0.988854
417	0.972982
418	0.960987
419	0.967596
420	0.973885
421	0.961558
422	0.989562
423	0.984271
424	0.968862
425	0.969725
426	0.973852
427	0.988511
428	0.954115
429	0.956884
430	0.979203
431	0.987920
432	0.963097
433	0.956876
434	0.959018
435	0.954903
436	0.955024
437	0.943268
438	0.952068
439	0.983984
440	0.981534
441	0.963066
442	0.990676
443	0.976254
444	0.950420
445	0.959785
446	0.985753
447	0.996874
448	0.960272
449	0.960281
450	1.002197
451	0.971683
452	1.002101
453	0.972154
454	0.941123
455	0.928962
456	0.941118
457	0.994830
458	0.999707
459	0.938256
460	0.998810
461	0.977799
462	0.956458
463	1.005893
464	0.970340
465	0.945286
466	1.034826
467	0.947127
468	0.983450
469	1.013358
470	0.949132
471	0.968468
472	0.998844
473	0.992616
474	0.928949
475	0.962180
476	1.008075
477	0.959298
478	0.969386
479	0.995765
480	0.943523
481	0.968702
482	1.018265
483	0.958991
484	0.939403
485	0.987613
486	0.998320
487	0.994695
488	0.989746
489	0.980522
490	0.967635
491	0.963975
492	1.001932
493	0.985002
494	0.992137
495	0.956181
496	0.980506
497	0.988803
498	0.987699
499	0.965688
500	0.981022
501	0.995153
502	0.978106
503	0.956217
504	0.961175
505	1.010613
506	0.960324
507	0.981938
508	0.973261
509	0.960176
510	0.974409
511	0.985712
512	0.974466
513	0.983485
514	0.985657
515	0.961963
516	0.958619
517	0.949006
518	0.928702
519	0.949741
520	0.968451
521	1.001441
522	0.957715
523	1.007963
524	1.007435
525	0.995567
526	0.982826
527	0.961916
528	1.006508
529	0.989775
530	1.012755
531	0.968654
532	0.993857
533	1.004274
534	0.989327
535	0.978775
536	0.988501
537	0.993544
538	0.994072
539	1.011366
540	0.980629
541	0.973947
542	1.006203
543	0.990975
544	0.989970
545	0.999469
546	0.984329
547	0.985959
548	0.979444
549	0.987614
550	1.001335
551	1.024090
552	0.959982
553	0.949497
554	1.012304
555	1.038874
556	0.975474
557	0.977132
558	1.006802
559	1.001339
560	0.994708
561	1.003547
562	1.013760
563	0.964649
564	0.939624
565	0.958325
566	0.988550
567	1.030887
568	0.988618
569	0.963014
570	0.995510
571	1.000033
572	1.003847
573	0.948122
574	0.941980
575	0.948358
576	0.952320
577	0.971814
578	0.968185
579	0.965138
580	0.992038
581	1.004090
582	0.995942
583	0.952194
584	0.947622
585	1.024391
586	0.988599
587	0.981117
588	0.970398
589	0.987631
590	0.995418
591	0.987131
592	0.992982
593	0.988759
594	0.980378
595	0.986604
596	0.989322
597	0.978233
598	0.985109
599	1.001707
600	1.002073
601	0.961448
602	0.945698
603	0.988487
604	1.024126
605	0.985301
606	0.995114
607	1.030971
608	0.993707
609	0.987051
610	0.957292
611	0.940513
612	0.961308
613	1.019125
614	1.016307
615	0.997720
616	0.983132
617	0.960692
618	0.960080
619	0.971456
620	0.966177
621	0.999149
622	0.997472
623	0.974991
624	0.982569
625	0.961369
626	1.014513
627	0.978018
628	0.982716
629	0.986274
630	1.014435
631	0.973770
632	0.968654
633	0.982500
634	0.971672
635	0.985689
636	0.968166
637	0.992834
638	0.956293
639	0.973835
640	0.992485
641	0.959760
642	0.965230
643	0.969462
644	0.966268
645	0.971148
646	0.965306
647	0.977546
648	0.977587
649	0.987236
650	0.989285
651	0.973389
652	0.961727
653	0.968649
654	0.974489
655	0.991471
656	0.967848
657	0.965494
658	0.996450
659	0.989507
660	0.957918
661	0.948437
662	0.972354
663	0.985377
664	0.984860
665	1.006739
666	0.956025
667	0.972550
668	0.998533
669	0.991076
670	0.997384
671	0.964211
672	0.939736
673	0.937957
674	0.944873
675	0.998246
676	0.991738
677	0.967635
678	0.980950
679	0.993344
680	1.007140
681	0.975853
682	0.975618
683	0.979544
684	0.966793
685	0.960688
686	0.977397
687	0.979937
688	0.990126
689	0.969238
690	0.966533
691	0.964601
692	0.988219
693	0.958996
694	0.971299
695	0.975891
696	0.979528
697	0.977809
698	0.974120
699	0.990765
700	0.974556
701	0.965228
702	0.979404
703	0.991545
704	0.979154
705	0.967826
706	0.980247
707	0.972422
708	0.973102
709	0.995369
710	0.961550
711	0.954750
712	0.977542
713	1.004964
714	0.975649
715	0.951075
716	0.976967
717	0.981038
718	0.979841
719	0.979732
720	0.956280
721	0.997729
722	0.982932
723	0.976635
724	0.970991
725	0.946852
726	0.945567
727	0.936879
728	0.957289
729	0.989222
730	0.991658
731	0.978370
732	0.961739
733	0.945776
734	0.938811
735	0.968137
736	1.005469
737	0.969002
738	0.952055
739	0.936428
740	0.951922
741	0.972746
742	0.974636
743	0.969215
744	0.956697
745	0.956295
746	0.953030
747	0.978924
748	1.003750
749	0.993501
750	0.959695
751	0.952467
752	0.939603
753	0.949350
754	0.965014
755	0.971980
756	0.978439
757	0.985689
758	0.945415
759	0.968410
760	0.986922
761	0.970047
762	0.967442
763	0.952224
764	0.943207
765	0.969823
766	0.981067
767	0.983873
768	0.969464
769	0.957661
770	0.952784
771	0.950042
772	0.975046
773	0.977886
774	0.974624
775	0.975078
776	0.961857
777	0.964849
778	0.981298
779	0.977316
780	0.953342
781	0.951773
782	0.965275
783	0.989107
784	0.960743
785	0.951070
786	0.954639
787	0.959335
788	0.964129
789	0.966157
790	0.990467
791	0.957312
792	0.948406
793	0.966265
794	0.991929
795	0.951705
796	0.963093
797	0.958647
798	0.963151
799	0.982939
800	0.973938
801	0.942986
802	0.942980
803	0.973563
804	0.991058
805	0.952201
806	0.938692
807	0.941098
808	0.932941
809	0.940803
810	0.988751
811	0.977229
812	0.955535
813	0.952478
814	0.997384
815	0.966356
816	0.941097
817	0.962810
818	0.989328
819	0.984730
820	0.953692
821	0.950212
822	0.964902
823	0.963329
824	0.987681
825	0.973455
826	0.943137
827	0.957504
828	0.974428
829	0.993939
830	0.938797
831	0.941344
832	0.980968
833	0.984858
834	0.964580
835	0.971433
836	0.990431
837	0.980714
838	0.943411
839	0.992310
840	0.992090
841	0.949180
842	0.993758
843	0.952100
844	0.937788
845	0.988811
846	0.948326
847	0.963755
848	0.982455
849	0.934464
850	0.961539
851	0.976862
852	0.989328
853	0.974353
854	0.976633
855	0.975906
856	0.983360
857	0.972663
858	0.971581
859	0.969143
860	0.965622
861	0.962066
862	0.960199
863	0.955616
864	0.938771
865	0.929421
866	0.942968
867	0.920090
868	0.918578
869	0.924008
870	0.917740
871	0.921800
872	0.921803
873	0.934552
874	0.934418
875	0.965276
876	0.962486
877	0.970939
878	0.980479
879	0.972657
880	0.960276
881	0.946335
882	0.956238
883	0.975850
884	0.970160
885	0.988950
886	0.925765
887	0.999646
888	0.988859
889	0.933226
890	0.989260
891	0.978669
892	0.930855
893	0.985131
894	0.948125
895	0.919324
896	0.960037
897	0.952859
898	0.942554
899	0.942952
900	0.936899
901	0.934332
902	0.943065
903	0.931479
904	0.934442
905	0.943157
906	0.930415
907	0.940697
908	0.946881
909	0.943436
910	0.940470
911	0.937846
912	0.948701
913	0.942327
914	0.952737
915	0.972062
916	0.953271
917	0.960701
918	0.973365
919	0.992105
920	0.956938
921	0.924212
922	0.994073
923	0.957420
924	0.912830
925	0.965872
926	0.987327
927	0.949636
928	0.920080
929	0.911046
930	0.922730
931	0.919807
932	0.915732
933	0.916850
934	0.922021
935	0.914682
936	0.916683
937	0.963197
938	0.982971
939	0.948972
940	0.975386
941	0.942366
942	0.968289
943	0.970662
944	0.940613
945	0.977065
946	0.945381
947	0.956188
948	0.967288
949	0.952875
950	0.991131
951	0.962419
952	0.930272
953	0.992978
954	0.940397
955	0.922734
956	0.967935
957	0.983467
958	0.956328
959	0.935903
960	0.948668
961	0.977007
962	0.950061
963	0.913296
964	0.929244
965	1.002012
966	0.967384
967	0.943897
968	0.939319
969	0.919499
970	0.924239
971	0.908225
972	0.914832
973	0.921647
974	0.953943
975	0.957648
976	0.963240
977	0.961428
978	0.954337
979	0.927574
980	0.935763
981	0.973979
982	0.945056
983	0.926739
984	0.986292
985	0.936496
986	0.944294
987	0.993364
988	0.931070
989	0.919319
990	0.989209
991	0.944175
992	0.970954
993	0.972166
994	0.925864
995	0.962572
996	0.978331
997	0.931290
998	0.949696
999	0.980535
1000	0.965322
1001	0.925668
1002	0.932851
1003	0.993059
1004	0.923589
1005	0.995065
1006	0.913490
1007	0.996271
1008	0.957627
1009	0.908736
1010	0.902518
1011	0.929585
1012	0.977463
1013	0.977132
1014	0.936005
1015	0.902244
1016	0.961053
1017	0.987045
1018	0.924414
1019	0.959067
1020	1.002920
1021	0.900895
1022	0.940405
1023	0.990479
1024	0.911578
1025	0.916593
1026	1.010599
1027	0.906468
1028	0.965696
1029	0.983352
1030	0.934760
1031	1.001885
1032	0.908860
1033	0.932551
1034	0.986729
1035	0.969282
1036	0.921705
1037	0.943151
1038	0.999620
1039	0.937618
1040	0.929008
1041	0.993807
1042	0.910813
1043	0.915645
1044	0.979424
1045	0.965779
1046	0.901045
1047	0.920723
1048	0.986039
1049	0.933676
1050	0.892167
1051	0.960918
1052	0.958126
1053	0.893299
1054	0.975873
1055	0.979708
1056	0.898641
1057	0.973395
1058	0.960165
1059	0.896379
1060	0.933592
1061	0.991772
1062	0.929110
1063	0.891227
1064	0.921978
1065	0.964238
1066	0.993253
1067	0.965607
1068	0.933026
1069	0.891592
1070	0.979960
1071	0.973819
1072	0.941907
1073	0.930624
1074	0.972070
1075	0.949043
1076	0.920090
1077	0.911353
1078	0.967607
1079	0.953155
1080	0.908702
1081	0.939388
1082	0.978212
1083	0.908297
1084	0.958282
1085	0.967164
1086	0.941428
1087	0.893196
1088	0.925016
1089	0.964247
1090	0.962443
1091	0.928444
1092	0.892494
1093	0.921279
1094	0.970201
1095	0.963651
1096	0.922471
1097	0.901695
1098	0.913040
1099	0.955465
1100	0.959643
1101	0.947407
1102	0.904004
1103	0.904540
1104	0.932722
1105	0.960502
1106	0.942225
1107	0.910776
1108	0.976337
1109	0.915547
1110	0.905749
1111	0.943425
1112	0.961907
1113	0.941137
1114	0.913854
1115	0.897802
1116	0.926215
1117	0.955731
1118	0.961996
1119	0.928940
1120	0.892193
1121	0.916194
1122	0.979664
1123	0.905089
1124	0.917842
1125	0.967122
1126	0.932522
1127	0.898995
1128	0.959742
1129	0.956578
1130	0.900953
1131	0.927619
1132	0.965915
1133	0.937683
1134	0.895899
1135	0.941948
1136	0.958343
1137	0.928260
1138	0.900872
1139	0.950868
1140	0.966629
1141	0.914186
1142	0.913154
1143	0.966928
1144	0.915643
1145	0.900049
1146	0.943509
1147	0.973638
1148	0.942877
1149	0.904578
1150	0.936323
1151	0.971271
1152	0.946649
1153	0.892391
1154	0.909309
1155	0.962099
1156	0.966300
1157	0.896667
1158	0.905806
1159	0.952754
1160	0.969541
1161	0.889023
1162	0.920084
1163	0.975900
1164	0.901240
1165	0.897704
1166	0.957095
1167	0.960657
1168	0.883623
1169	0.934174
1170	0.964828
1171	0.911379
1172	0.902347
1173	0.967666
1174	0.954690
1175	0.879824
1176	0.923876
1177	0.976697
1178	0.913911
1179	0.904726
1180	0.963543
1181	0.936875
1182	0.890801
1183	0.974176
1184	0.940642
1185	0.903609
1186	0.986030
1187	0.896702
1188	0.982992
1189	0.889860
1190	0.922673
1191	0.989760
1192	0.908531
1193	0.888881
1194	0.987344
1195	0.932380
1196	0.868708
1197	0.970483
1198	0.973047
1199	0.858288
1200	0.928914
1201	0.989625
1202	0.881910
1203	0.940269
1204	0.990523
1205	0.859453
1206	0.962120
1207	0.981340
1208	0.857636
1209	0.960829
1210	0.972717
1211	0.859833
1212	0.973817
1213	0.956155
1214	0.864599
1215	0.988951
1216	0.922187
1217	0.873164
1218	0.998886
1219	0.894107
1220	0.920880
1221	0.996775
1222	0.855156
1223	1.011096
1224	0.908386
1225	0.889379
1226	1.016113
1227	0.846768
1228	1.031610
1229	0.858701
1230	1.042027
1231	0.874049
1232	1.001764
1233	0.915802
1234	0.906184
1235	0.953860
1236	0.907057
1237	1.012728
1238	0.842144
1239	1.028478
1240	0.875279
1241	0.928513
1242	0.971280
1243	0.870845
1244	0.968255
1245	0.948847
1246	0.879707
1247	1.009303
1248	0.852434
1249	0.998462
1250	0.902017
1251	0.951681
1252	0.954516
1253	0.849268
1254	1.010860
1255	0.853312
1256	0.992880
1257	0.901479
1258	0.976521
1259	0.921142
1260	0.937026
1261	0.959765
1262	0.893220
1263	0.992348
1264	0.923067
1265	0.998782
1266	0.890852
1267	0.981430
1268	0.860484
1269	1.000234
1270	0.849817
1271	0.991768
1272	0.877351
1273	0.975107
1274	0.898599
1275	0.945670
1276	0.933177
1277	0.873075
1278	0.973687
1279	0.911105
1280	0.914163
1281	0.973223
1282	0.880322
1283	0.962967
1284	0.868812
1285	0.958531
1286	0.902162
1287	0.914983
1288	0.947641
1289	0.884570
1290	0.948531
1291	0.885289
1292	0.932779
1293	0.929009
1294	0.892213
1295	0.946388
1296	0.877573
1297	0.965194
1298	0.897367
1299	0.934536
1300	0.931887
1301	0.900421
1302	0.955868
1303	0.873200
1304	0.953508
1305	0.911713
1306	0.910222
1307	0.935604
1308	0.896655
1309	0.935468
1310	0.913870
1311	0.940126
1312	0.894035
1313	0.953524
1314	0.898731
1315	0.883807
1316	0.947753
1317	0.904355
1318	0.895598
1319	0.952628
1320	0.888480
1321	0.936208
1322	0.906507
1323	0.909383
1324	0.933028
1325	0.886053
1326	0.947470
1327	0.884732
1328	0.935369
1329	0.907443
1330	0.924437
1331	0.906994
1332	0.928029
1333	0.917856
1334	0.920228
1335	0.924336
1336	0.906256
1337	0.915944
1338	0.911993
1339	0.925931
1340	0.903106
1341	0.926294
1342	0.899580
1343	0.927927
1344	0.902707
1345	0.925177
1346	0.902567
1347	0.927037
1348	0.914460
1349	0.904154
1350	0.925797
1351	0.910414
1352	0.927309
1353	0.915342
1354	0.924511
1355	0.904789
1356	0.920870
1357	0.890737
1358	0.934431
1359	0.892118
1360	0.934739
1361	0.896177
1362	0.924845
1363	0.895730
1364	0.924292
1365	0.904469
1366	0.920226
1367	0.912114
1368	0.907781
1369	0.908217
1370	0.910918
1371	0.911510
1372	0.921482
1373	0.901243
1374	0.925123
1375	0.902792
1376	0.917054
1377	0.906241
1378	0.901462
1379	0.932601
1380	0.879783
1381	0.915197
1382	0.904200
1383	0.913757
1384	0.896006
1385	0.916864
1386	0.924943
1387	0.895560
1388	0.918538
1389	0.903723
1390	0.918923
1391	0.912151
1392	0.915802
1393	0.904539
1394	0.910187
1395	0.906977
1396	0.897977
1397	0.915869
1398	0.897695
1399	0.917982
1400	0.902022
1401	0.916975
1402	0.887907
1403	0.930277
1404	0.890804
1405	0.921587
1406	0.879267
1407	0.932321
1408	0.882723
1409	0.938308
1410	0.892997
1411	0.897684
1412	0.923814
1413	0.877704
1414	0.947844
1415	0.873440
1416	0.931329
1417	0.895324
1418	0.916317
1419	0.886690
1420	0.916688
1421	0.892439
1422	0.903406
1423	0.910151
1424	0.898147
1425	0.893572
1426	0.934143
1427	0.888764
1428	0.921008
1429	0.877684
1430	0.951603
1431	0.870747
1432	0.946948
1433	0.864691
1434	0.937609
1435	0.872281
1436	0.938556
1437	0.880573
1438	0.933879
1439	0.886597
1440	0.931944
1441	0.891332
1442	0.894061
1443	0.937591
1444	0.858692
1445	0.965876
1446	0.846857
1447	0.941624
1448	0.883007
1449	0.907403
1450	0.893298
1451	0.917349
1452	0.883221
1453	0.907800
1454	0.924913
1455	0.870406
1456	0.941336
1457	0.866976
1458	0.928245
1459	0.908723
1460	0.903653
1461	0.902035
1462	0.897914
1463	0.895979
1464	0.900561
1465	0.896932
1466	0.901039
1467	0.908425
1468	0.885815
1469	0.917285
1470	0.884600
1471	0.898614
1472	0.914195
1473	0.889470
1474	0.936285
1475	0.879288
1476	0.911258
1477	0.921264
1478	0.890021
1479	0.925499
1480	0.911174
1481	0.887508
1482	0.924653
1483	0.925815
1484	0.895676
1485	0.892995
1486	0.892499
1487	0.919326
1488	0.895898
1489	0.892586
1490	0.906500
1491	0.905636
1492	0.878234
1493	0.916155
1494	0.898364
1495	0.883929
1496	0.920556
1497	0.900525
1498	0.871429
1499	0.945138
1500	0.855796
1501	0.899495
1502	0.895326
1503	0.887230
1504	0.887573
1505	0.906117
1506	0.894037
1507	0.876268
1508	0.942144
1509	0.877518
1510	0.889026
1511	0.956408
1512	0.861157
1513	0.899978
1514	0.959238
1515	0.873120
1516	0.884840
1517	0.952530
1518	0.917038
1519	0.856990
1520	0.913068
1521	0.954303
1522	0.925779
1523	0.859761
1524	0.883033
1525	0.960612
1526	0.951143
1527	0.858976
1528	0.838249
1529	0.882651
1530	0.948328
1531	0.870009
1532	0.845156
1533	0.932559
1534	0.967911
1535	0.911537
1536	0.831205
1537	0.857069
1538	0.937984
1539	0.973950
1540	0.937693
1541	0.855494
1542	0.839350
1543	0.922229
1544	0.945904
1545	0.862621
1546	0.890135
1547	0.917823
1548	0.895734
1549	0.877467
1550	0.910569
1551	0.910673
1552	0.870097
1553	0.922788
1554	0.914522
1555	0.874849
1556	0.894815
1557	0.903937
1558	0.924365
1559	0.885701
1560	0.886625
1561	0.907275
1562	0.878942
1563	0.880137
1564	0.891852
1565	0.894610
1566	0.885768
1567	0.871855
1568	0.898364
1569	0.889276
1570	0.874765
1571	0.892147
1572	0.911408
1573	0.857629
1574	0.869784
1575	0.922712
1576	0.873688
1577	0.862759
1578	0.915141
1579	0.880698
1580	0.856525
1581	0.947856
1582	0.925244
1583	0.837115
1584	0.879094
1585	0.966517
1586	0.920709
1587	0.827306
1588	0.860869
1589	0.951567
1590	0.937895
1591	0.862757
1592	0.877096
1593	0.937548
1594	0.874162
1595	0.830299
1596	0.940950
1597	0.963462
1598	0.897595
1599	0.834408
1600	0.855260
1601	0.938304
1602	0.942418
1603	0.859801
1604	0.819359
1605	0.891189
1606	0.936279
1607	0.918158
1608	0.843100
1609	0.816112
1610	0.894243
1611	0.921678
1612	0.914528
1613	0.879511
1614	0.861615
1615	0.858688
1616	0.892805
1617	0.928069
1618	0.913250
1619	0.853432
1620	0.861983
1621	0.911001
1622	0.919874
1623	0.896059
1624	0.847144
1625	0.850529
1626	0.902555
1627	0.908422
1628	0.850287
1629	0.858190
1630	0.903657
1631	0.917204
1632	0.882165
1633	0.858090
1634	0.909963
1635	0.914792
1636	0.902591
1637	0.857414
1638	0.872668
1639	0.886324
1640	0.922768
1641	0.911547
1642	0.894994
1643	0.851825
1644	0.862852
1645	0.898342
1646	0.912094
1647	0.875166
1648	0.851013
1649	0.838698
1650	0.866585
1651	0.898027
1652	0.901939
1653	0.923694
1654	0.907711
1655	0.877442
1656	0.837179
1657	0.851090
1658	0.883460
1659	0.895307
1660	0.912848
1661	0.919787
1662	0.907917
1663	0.882219
1664	0.856982
1665	0.848764
1666	0.863855
1667	0.870137
1668	0.885730
1669	0.897171
1670	0.894877
1671	0.880416
1672	0.879169
1673	0.866128
1674	0.876887
1675	0.860273
1676	0.887758
1677	0.905825
1678	0.893978
1679	0.872248
1680	0.838365
1681	0.840596
1682	0.849239
1683	0.860277
1684	0.889073
1685	0.923026
1686	0.923357
1687	0.885459
1688	0.825231
1689	0.846833
1690	0.861059
1691	0.880774
1692	0.924018
1693	0.939639
1694	0.939663
1695	0.888809
1696	0.832579
1697	0.823407
1698	0.834143
1699	0.839213
1700	0.869235
1701	0.899081
1702	0.911688
1703	0.921399
1704	0.919030
1705	0.894322
1706	0.889373
1707	0.899157
1708	0.890199
1709	0.869628
1710	0.908169
1711	0.944107
1712	0.955755
1713	0.966959
1714	0.973632
1715	0.831155
1716	0.821589
1717	0.985314
1718	0.986890
1719	0.893153
1720	0.822908
1721	0.915233
1722	0.928387
1723	0.857795
1724	0.883221
1725	0.956226
1726	0.881067
1727	0.858725
1728	0.955433
1729	0.973002
1730	0.872129
1731	0.858662
1732	0.896606
1733	0.918814
1734	0.911864
1735	0.886459
1736	0.896783
1737	0.902694
1738	0.878960
1739	0.881969
1740	0.900475
1741	0.906596
1742	0.919324
1743	0.915523
1744	0.886343
1745	0.859054
1746	0.861215
1747	0.877472
1748	0.875022
1749	0.827324
1750	0.829682
1751	0.862674
1752	0.873135
1753	0.880467
1754	0.853339
1755	0.855550
1756	0.840477
1757	0.868649
1758	0.879993
1759	0.883068
1760	0.899411
1761	0.899112
1762	0.889760
1763	0.879416
1764	0.852243
1765	0.847970
1766	0.840377
1767	0.843716
1768	0.930202
1769	0.880388
1770	0.856686
1771	0.863532
1772	0.855600
1773	0.871051
1774	0.895022
1775	0.871766
1776	0.887900
1777	0.862184
1778	0.858767
1779	0.863150
1780	0.852159
1781	0.888940
1782	0.868896
1783	0.857418
1784	0.859901
1785	0.857533
1786	0.879005
1787	0.884413
1788	0.825904
1789	0.864940
1790	0.903810
1791	0.842995
1792	0.852811
1793	0.835047
1794	0.851211
1795	0.885594
1796	0.844280
1797	0.903409
1798	0.894255
1799	0.859645
1800	0.886772
1801	0.854122
1802	0.865283
1803	0.848334
1804	0.827986
1805	0.852592
1806	0.843121
1807	0.820511
1808	0.838439
1809	0.862188
1810	0.903326
1811	0.885610
1812	0.823864
1813	0.850145
1814	0.892399
1815	0.906399
1816	0.854441
1817	0.855202
1818	0.855829
1819	0.868533
1820	0.879662
1821	0.840815
1822	0.875108
1823	0.890518
1824	0.840585
1825	0.857051
1826	0.873901
1827	0.887070
1828	0.873576
1829	0.888200
1830	0.898615
1831	0.909858
1832	0.879500
1833	0.801860
1834	0.861685
1835	0.856325
1836	0.855567
1837	0.858065
1838	0.829242
1839	0.871211
1840	0.875668
1841	0.906661
1842	0.858650
1843	0.826923
1844	0.880586
1845	0.887616
1846	0.876127
1847	0.816555
1848	0.922352
1849	0.898498
1850	0.866444
1851	0.819600
1852	0.816687
1853	0.916312
1854	0.837880
1855	0.819776
1856	0.767714
1857	0.801638
1858	0.885754
1859	0.888122
1860	0.860049
1861	0.804033
1862	0.830194
1863	0.854762
1864	0.909111
1865	0.842538
1866	0.851012
1867	0.839907
1868	0.807375
1869	0.815681
1870	0.793617
1871	0.804918
1872	0.846042
1873	0.860284
1874	0.847284
1875	0.867012
1876	0.893249
1877	0.860357
1878	0.847814
1879	0.878869
1880	0.855679
1881	0.825426
1882	0.804578
1883	0.831530
1884	0.816892
1885	0.822064
1886	0.822488
1887	0.816968
1888	0.818442
1889	0.817807
1890	0.840190
1891	0.821918
1892	0.839694
1893	0.791012
1894	0.791482
1895	0.772067
1896	0.798645
1897	0.800355
1898	0.866864
1899	0.837203
1900	0.856811
1901	0.823631
1902	0.846532
1903	0.826927
1904	0.860199
1905	0.831705
1906	0.813437
1907	0.813051
1908	0.793079
1909	0.888818
1910	0.815963
1911	0.893728
1912	0.856927
1913	0.865791
1914	0.846351
1915	0.815567
1916	0.830057
1917	0.809071
1918	0.921310
1919	0.802703
1920	0.877852
1921	0.891024
1922	0.799562
1923	0.843539
1924	0.875455
1925	0.873581
1926	0.845138
1927	0.821369
1928	0.854463
1929	0.844489
1930	0.859112
1931	0.786035
1932	0.893436
1933	0.842852
1934	0.794373
1935	0.831198
1936	0.826452
1937	0.900701
1938	0.785394
1939	0.870356
1940	0.844885
1941	0.819427
1942	0.770800
1943	0.811660
1944	0.791457
1945	0.819527
1946	0.813403
1947	0.836421
1948	0.800847
1949	0.807297
1950	0.824578
1951	0.817365
1952	0.832743
1953	0.811838
1954	0.830358
1955	0.801091
1956	0.830576
1957	0.807927
1958	0.800719
1959	0.803960
1960	0.858233
1961	0.812081
1962	0.819231
1963	0.793186
1964	0.867330
1965	0.790259
1966	0.840106
1967	0.804620
1968	0.811131
1969	0.805519
1970	0.855015
1971	0.766529
1972	0.788733
1973	0.887056
1974	0.769994
1975	0.857856
1976	0.769575
1977	0.871758
1978	0.797434
1979	0.860529
1980	0.794952
1981	0.815776
1982	0.792231
1983	0.809025
1984	0.752301
1985	0.805530
1986	0.752081
1987	0.791562
1988	0.743045
1989	0.825845
1990	0.777632
1991	0.905227
1992	0.765275
1993	0.911206
1994	0.844229
1995	0.757315
1996	0.949742
1997	0.761216
1998	0.790207
1999	0.902974
2000	0.848769
2001	0.906256
2002	0.790639
2003	0.849510
2004	0.765639
2005	0.880166
2006	0.846385
2007	0.773635
2008	0.841933
2009	0.807811
2010	0.808538
2011	0.776701
2012	0.834662
2013	0.773665
2014	0.756745
2015	0.749313
2016	0.741671
2017	0.785388
2018	0.773218
2019	0.802982
2020	0.760497
2021	0.810453
2022	0.759170
2023	0.828609
2024	0.750146
2025	0.839652
2026	0.788120
2027	0.838419
2028	0.757148
2029	0.791338
2030	0.729534
2031	0.850041
2032	0.764026
2033	0.788705
2034	0.725566
2035	0.895794
2036	0.730200
2037	0.865502
2038	0.754210
2039	0.784477
2040	0.726251
2041	0.791504
2042	0.764562
2043	0.767757
2044	0.750198
2045	0.812638
2046	0.784588
2047	0.766190
2048	0.806214
2049	0.770999
2050	0.814107
2051	0.726989
2052	0.770081
2053	0.770274
2054	0.754960
2055	0.709997
2056	0.813857
2057	0.756072
2058	0.797555
2059	0.783924
2060	0.789161
2061	0.719815
2062	0.780608
2063	0.731180
2064	0.817507
2065	0.783953
2066	0.810877
2067	0.785829
2068	0.757289
2069	0.783632
2070	0.780770
2071	0.733097
2072	0.771268
2073	0.761868
2074	0.804951
2075	0.748782
2076	0.754067
2077	0.760606
2078	0.735078
2079	0.773691
2080	0.779923
2081	0.712583
2082	0.712252
2083	0.739992
2084	0.754203
2085	0.722943
2086	0.719308
2087	0.772893
2088	0.753796
2089	0.731674
2090	0.719467
2091	0.792648
2092	0.752510
2093	0.735337
2094	0.753228
2095	0.717092
2096	0.759276
2097	0.742744
2098	0.748069
2099	0.774327
2100	0.739865
2101	0.737872
2102	0.761940
2103	0.741370
2104	0.750385
2105	0.726531
2106	0.732230
2107	0.737421
2108	0.768701
2109	0.768064
2110	0.751408
2111	0.820307
2112	1.340420
2113	1.650942
2114	1.711243
2115	1.733656
2116	1.626134
2117	1.722897
2118	2.258051
2119	2.336878
2120	1.953869
2121	2.355449
2122	2.535969
2123	3.062490
2124	3.532819
2125	3.897594
2126	3.864825
2127	3.898666
2128	4.332830
2129	4.584880
2130	4.683064
2131	4.790625
2132	4.521600
2133	4.447220
2134	4.293388
2135	4.147194
2136	4.129911
2137	4.429677
2138	4.697486
2139	4.787154
2140	4.989117
2141	4.465566
2142	4.533434
2143	4.666255
2144	4.632029
2145	4.673058
2146	4.582565
2147	4.883913
2148	4.554746
2149	4.355147
2150	4.036023
2151	3.829967
2152	3.829397
2153	4.228021
2154	4.186031
2155	4.070151
2156	4.244944
2157	4.329375
2158	4.554497
2159	4.354736
2160	4.363361
2161	4.430906
2162	4.519628
2163	4.257114
2164	4.266452
2165	4.487469
2166	4.357430
2167	4.437709
2168	4.410317
2169	4.320120
2170	4.578012
2171	4.772092
2172	4.841793
2173	4.908793
2174	4.616998
2175	4.759192
2176	4.267979
2177	4.182916
2178	4.342017
2179	4.477641
2180	4.746418
2181	4.644372
2182	4.901464
2183	4.871439
2184	4.632873
2185	4.634835
2186	4.362053
2187	4.187516
2188	4.152521
2189	4.388554
2190	4.430006
2191	4.362707
2192	4.456182
2193	4.437559
2194	4.430158
2195	4.471947
2196	4.638458
2197	4.713810
2198	4.720226
2199	4.473417
2200	4.215782
2201	4.151488
2202	3.765599
2203	3.668578
2204	4.144186
2205	4.526199
2206	4.982052
2207	4.894331
2208	4.805290
2209	4.576063
2210	4.175495
2211	4.414592
2212	4.385303
2213	4.277402
2214	4.250533
2215	4.561554
2216	4.651442
2217	4.875847
2218	5.012326
2219	4.977150
2220	4.670599
2221	4.520080
2222	4.608277
2223	4.674642
2224	4.789372
2225	5.013293
2226	4.917635
2227	4.857350
2228	4.904665
2229	5.086526
2230	4.882496
2231	4.900036
2232	5.242552
2233	4.906577
2234	4.956697
2235	4.854069
2236	4.732040
2237	4.845469
2238	4.872796
2239	5.265323
2240	5.547330
2241	5.662594
2242	5.302893
2243	5.061837
2244	5.142039
2245	4.581545
2246	4.528167
2247	4.550125
2248	4.147851
2249	4.333282
2250	4.274017
2251	3.858005
2252	3.565060
2253	3.283764
2254	3.292235
2255	3.799193
2256	3.927318
2257	3.816933
2258	3.667072
2259	3.666847
2260	3.845853
2261	3.713332
2262	3.995094
2263	3.766001
2264	3.974317
2265	3.537239
2266	3.452018
2267	3.559264
2268	3.356227
2269	3.130301
2270	3.156456
2271	3.136573
2272	2.957590
2273	3.473958
2274	3.307780
2275	3.241625
2276	3.355447
2277	3.288067
2278	3.167474
2279	3.198684
2280	3.564583
2281	3.981071
2282	4.525290
2283	4.798275
2284	4.636631
2285	4.730842
2286	4.714695
2287	4.587803
2288	4.272359
2289	3.949509
2290	3.638372
2291	3.668296
2292	3.662570
2293	3.432954
2294	3.558766
2295	3.488994
2296	3.778832
2297	3.569039
2298	3.549301
2299	3.638700
2300	3.835587
2301	3.728497
2302	3.237343
2303	3.017385
2304	2.860484
2305	3.635138
2306	4.113673
2307	4.264858
2308	4.097427
2309	4.185206
2310	3.977852
2311	3.834025
2312	3.804533
2313	3.563802
2314	3.731516
2315	3.552325
2316	3.875632
2317	4.034137
2318	4.252500
2319	3.850159
2320	3.752681
2321	3.524237
2322	3.087349
2323	3.194140
2324	3.066281
2325	3.315429
2326	3.578904
2327	3.973454
2328	4.219404
2329	4.167262
2330	4.056343
2331	3.869441
2332	3.652112
2333	3.551278
2334	3.932808
2335	4.358373
2336	4.402029
2337	4.274518
2338	4.007625
2339	3.999173
2340	3.886843
2341	3.667685
2342	3.576498
2343	3.620113
2344	3.785394
2345	4.189961
2346	4.103974
2347	4.275239
2348	4.295526
2349	4.358167
2350	4.377166
2351	4.393303
2352	4.581316
2353	4.685128
2354	4.723197
2355	4.602463
2356	4.441852
2357	3.822636
2358	3.462231
2359	3.176124
2360	3.797673
2361	4.274355
2362	4.201335
2363	4.332059
2364	4.632390
2365	4.765941
2366	4.621841
2367	4.402512
2368	4.092083
2369	3.794102
2370	3.694147
2371	3.615376
2372	3.800169
2373	3.851923
2374	4.243965
2375	4.294109
2376	4.288746
2377	4.196054
2378	3.964037
2379	3.645038
2380	3.319482
2381	3.504854
2382	3.495308
2383	3.712628
2384	3.951098
2385	4.268153
2386	4.221899
2387	4.427888
2388	4.299419
2389	3.924250
2390	3.679613
2391	3.596945
2392	3.440659
2393	3.740698
2394	3.827065
2395	3.833530
2396	4.123276
2397	3.847014
2398	3.983032
2399	3.889814
2400	3.502632
2401	3.443709
2402	3.550202
2403	3.337370
2404	3.561764
2405	3.479756
2406	3.752978
2407	3.911701
2408	3.982821
2409	4.109668
2410	3.915950
2411	3.642400
2412	3.834808
2413	3.655790
2414	3.755436
2415	3.737986
2416	3.486405
2417	3.736310
2418	3.929799
2419	4.103545
2420	3.833729
2421	3.516814
2422	3.265017
2423	3.590595
2424	3.815149
2425	3.862612
2426	3.782788
2427	3.842624
2428	3.916129
2429	3.980031
2430	4.103234
2431	4.428864
2432	4.045219
2433	3.979476
2434	3.875024
2435	3.748829
2436	3.886401
2437	3.541691
2438	3.222784
2439	3.542302
2440	3.546033
2441	3.625834
2442	3.295629
2443	3.351224
2444	3.867538
2445	4.074321
2446	4.130745
2447	4.112711
2448	3.691555
2449	3.083606
2450	3.006558
2451	2.882232
2452	3.199056
2453	3.104458
2454	3.818503
2455	4.334896
2456	4.673735
2457	4.448994
2458	4.332679
2459	4.260573
2460	3.875367
2461	3.344021
2462	3.281718
2463	3.659301
2464	3.731964
2465	3.874782
2466	4.113945
2467	4.023600
2468	3.599711
2469	3.721194
2470	3.826412
2471	3.450809
2472	3.290685
2473	3.430259
2474	3.105619
2475	3.357793
2476	3.369906
2477	3.607309
2478	3.508349
2479	3.414818
2480	3.295373
2481	3.185610
2482	3.178375
2483	3.327605
2484	3.170878
2485	3.024873
2486	3.272982
2487	3.357876
2488	3.704347
2489	3.197433
2490	3.028130
2491	2.953123
2492	3.375034
2493	3.669458
2494	3.680059
2495	3.366967
2496	3.412219
2497	3.647720
2498	3.830914
2499	3.942539
2500	3.881185
2501	4.313589
2502	4.356641
2503	4.284521
2504	4.088681
2505	4.277562
2506	4.084168
2507	4.102752
2508	3.994940
2509	3.925261
2510	3.735353
2511	3.527449
2512	3.335286
2513	3.447852
2514	3.420260
2515	3.599156
2516	3.318492
2517	3.138565
2518	3.162599
2519	3.837962
2520	3.564708
2521	3.505121
2522	3.802644
2523	3.813450
2524	3.666252
2525	3.475867
2526	3.768846
2527	3.784474
2528	3.311765
2529	3.620912
2530	3.743485
2531	4.107248
2532	3.939985
2533	4.008265
2534	3.598624
2535	3.120587
2536	3.358340
2537	3.843464
2538	4.058996
2539	4.347633
2540	4.413836
2541	4.019774
2542	3.944008
2543	3.564157
2544	3.619876
2545	3.723530
2546	3.867947
2547	4.202305
2548	3.931396
2549	3.859740
2550	3.460107
2551	3.433599
2552	3.477491
2553	3.256872
2554	2.860456
2555	3.126206
2556	3.151669
2557	3.291901
2558	3.314979
2559	3.551337
2560	3.787511
