0	1.437665
1	1.441816
2	1.446714
3	1.427071
4	1.423875
5	1.444593
6	1.446018
7	1.430508
8	1.427292
9	1.440177
10	1.442840
11	1.436875
12	1.435696
13	1.451541
14	1.455589
15	1.440465
16	1.431113
17	1.437998
18	1.462291
19	1.442191
20	1.420700
21	1.429711
22	1.439981
23	1.432656
24	1.433012
25	1.444734
26	1.453120
27	1.438917
28	1.427135
29	1.452293
30	1.458308
31	1.431327
32	1.446280
33	1.433073
34	1.446418
35	1.419355
36	1.428885
37	1.440578
38	1.428958
39	1.434258
40	1.415698
41	1.453197
42	1.443609
43	1.440207
44	1.455319
45	1.446341
46	1.453751
47	1.431402
48	1.437087
49	1.446903
50	1.439509
51	1.440168
52	1.421811
53	1.433069
54	1.431749
55	1.442477
56	1.438154
57	1.457296
58	1.438106
59	1.421440
60	1.433070
61	1.446506
62	1.459366
63	1.441587
64	1.425074
65	1.440751
66	1.430938
67	1.450474
68	1.445439
69	1.449176
70	1.444145
71	1.418272
72	1.448241
73	1.447133
74	1.458979
75	1.425246
76	1.416507
77	1.439503
78	1.431598
79	1.439070
80	1.437872
81	1.445158
82	1.429667
83	1.426091
84	1.445826
85	1.448589
86	1.455820
87	1.427325
88	1.431767
89	1.423250
90	1.435010
91	1.439246
92	1.437255
93	1.444319
94	1.429156
95	1.445075
96	1.432269
97	1.437375
98	1.454634
99	1.431746
100	1.448178
101	1.439910
102	1.450747
103	1.448166
104	1.444479
105	1.442893
106	1.432385
107	1.432775
108	1.421379
109	1.437001
110	1.448864
111	1.455368
112	1.439412
113	1.428460
114	1.441051
115	1.450121
116	1.451651
117	1.439703
118	1.437823
119	1.442502
120	1.433353
121	1.429723
122	1.435851
123	1.459118
124	1.442632
125	1.429158
126	1.423851
127	1.430182
128	1.451491
129	1.439197
130	1.446161
131	1.426609
132	1.421889
133	1.427095
134	1.434028
135	1.452295
136	1.433860
137	1.437432
138	1.428047
139	1.453827
140	1.452070
141	1.450153
142	1.450476
143	1.441791
144	1.449946
145	1.425791
146	1.440120
147	1.427009
148	1.432487
149	1.432075
150	1.416091
151	1.448571
152	1.437618
153	1.455591
154	1.426886
155	1.453608
156	1.452561
157	1.441421
158	1.459805
159	1.448045
160	1.450388
161	1.418449
162	1.441837
163	1.451200
164	1.442139
165	1.425821
166	1.417216
167	1.452938
168	1.436069
169	1.430588
170	1.445817
171	1.459312
172	1.465140
173	1.428023
174	1.451401
175	1.448965
176	1.452751
177	1.434900
178	1.424161
179	1.443201
180	1.424664
181	1.433909
182	1.419433
183	1.450887
184	1.458436
185	1.441744
186	1.445104
187	1.441497
188	1.468193
189	1.445852
190	1.446545
191	1.436399
192	1.440579
193	1.441242
194	1.411750
195	1.445297
196	1.434471
197	1.433239
198	1.436141
199	1.429709
200	1.469139
201	1.432953
202	1.446257
203	1.426643
204	1.437544
205	1.447155
206	1.430825
207	1.449395
208	1.430259
209	1.449065
210	1.432510
211	1.450605
212	1.438444
213	1.424651
214	1.426302
215	1.429977
216	1.466390
217	1.441072
218	1.440215
219	1.427333
220	1.448154
221	1.444695
222	1.447301
223	1.462786
224	1.439914
225	1.437420
226	1.417806
227	1.437535
228	1.445455
229	1.432849
230	1.439721
231	1.409831
232	1.437785
233	1.428050
234	1.458651
235	1.461552
236	1.443752
237	1.455351
238	1.428704
239	1.455050
240	1.446942
241	1.459555
242	1.423223
243	1.413122
244	1.426272
245	1.418832
246	1.443687
247	1.431619
248	1.432385
249	1.429819
250	1.420543
251	1.457610
252	1.450501
253	1.465845
254	1.442057
255	1.444264
256	1.440809
257	1.421408
258	1.451989
259	1.430332
260	1.437922
261	1.428349
262	1.419936
263	1.439629
264	1.431468
265	1.459873
266	1.440638
267	1.450385
268	1.451991
269	1.437808
270	1.448530
271	1.434030
272	1.454775
273	1.428762
274	1.437105
275	1.423446
276	1.425562
277	1.432917
278	1.423509
279	1.458460
280	1.426104
281	1.439904
282	1.436173
283	1.443114
284	1.448369
285	1.422732
286	1.455448
287	1.436235
288	1.448799
289	1.424986
290	1.431094
291	1.442060
292	1.442594
293	1.448346
294	1.424263
295	1.451990
296	1.437325
297	1.452582
298	1.426459
299	1.435295
300	1.448911
301	1.445659
302	1.438736
303	1.414048
304	1.451158
305	1.434654
306	1.448476
307	1.437784
308	1.436096
309	1.449472
310	1.418001
311	1.460438
312	1.429128
313	1.464162
314	1.420414
315	1.429542
316	1.438300
317	1.436007
318	1.441710
319	1.421121
320	1.455184
321	1.440327
322	1.434910
323	1.441867
324	1.432992
325	1.459954
326	1.433102
327	1.440704
328	1.441416
329	1.437536
330	1.431158
331	1.424564
332	1.433992
333	1.425313
334	1.442669
335	1.421953
336	1.451624
337	1.440299
338	1.438661
339	1.452112
340	1.438133
341	1.457509
342	1.436613
343	1.465499
344	1.439058
345	1.446988
346	1.446617
347	1.417546
348	1.442128
349	1.422511
350	1.442297
351	1.413432
352	1.433253
353	1.422483
354	1.444882
355	1.452447
356	1.449553
357	1.449455
358	1.441709
359	1.460076
360	1.437287
361	1.432479
362	1.433321
363	1.441847
364	1.459500
365	1.433242
366	1.425443
367	1.433100
368	1.446310
369	1.454045
370	1.443164
371	1.442239
372	1.437557
373	1.431908
374	1.429474
375	1.422913
376	1.427090
377	1.451973
378	1.463483
379	1.444917
380	1.430312
381	1.420331
382	1.453536
383	1.448642
384	1.444873
385	1.437127
386	1.443221
387	1.434315
388	1.427777
389	1.451568
390	1.456326
391	1.460774
392	1.435462
393	1.424274
394	1.429405
395	1.444085
396	1.450045
397	1.428349
398	1.430072
399	1.425891
400	1.444318
401	1.441847
402	1.453887
403	1.445060
404	1.439309
405	1.441299
406	1.441856
407	1.437639
408	1.436848
409	1.440694
410	1.440923
411	1.436451
412	1.438746
413	1.437102
414	1.429490
415	1.434060
416	1.427653
417	1.440631
418	1.448043
419	1.452784
420	1.438400
421	1.422933
422	1.425011
423	1.441035
424	1.452250
425	1.435968
426	1.424001
427	1.414770
428	1.437118
429	1.440670
430	1.453517
431	1.436888
432	1.429840
433	1.436530
434	1.438010
435	1.445456
436	1.443563
437	1.461836
438	1.439011
439	1.437368
440	1.431662
441	1.430506
442	1.445057
443	1.426742
444	1.432216
445	1.428739
446	1.454447
447	1.445361
448	1.443161
449	1.446176
450	1.431486
451	1.452043
452	1.424202
453	1.449300
454	1.440780
455	1.445757
456	1.423422
457	1.420897
458	1.451490
459	1.434239
460	1.444344
461	1.425288
462	1.448989
463	1.444582
464	1.434185
465	1.461132
466	1.447838
467	1.460389
468	1.439147
469	1.437699
470	1.443873
471	1.427099
472	1.435274
473	1.411288
474	1.435302
475	1.430126
476	1.441574
477	1.438138
478	1.435366
479	1.454886
480	1.439156
481	1.473593
482	1.435714
483	1.452791
484	1.430247
485	1.435902
486	1.420600
487	1.420482
488	1.455911
489	1.424967
490	1.443568
491	1.416983
492	1.427822
493	1.433660
494	1.435353
495	1.457834
496	1.444936
497	1.463702
498	1.413934
499	1.438378
500	1.452692
501	1.457127
502	1.441951
503	1.419350
504	1.445309
505	1.419346
506	1.449629
507	1.447554
508	1.442626
509	1.443377
510	1.421628
511	1.444218
512	1.440154
513	1.463059
514	1.439651
515	1.438544
516	1.437169
517	1.423464
518	1.435353
519	1.419828
520	1.445922
521	1.429610
522	1.429555
523	1.429773
524	1.450009
525	1.440669
526	1.435294
527	1.417659
528	1.422283
529	1.445063
530	1.430131
531	1.442061
532	1.422412
533	1.445816
534	1.431826
535	1.431472
536	1.428520
537	1.420496
538	1.458613
539	1.447200
540	1.431064
541	1.425797
542	1.425959
543	1.449010
544	1.416145
545	1.440679
546	1.436507
547	1.439184
548	1.424901
549	1.411510
550	1.434070
551	1.438194
552	1.449944
553	1.430084
554	1.427425
555	1.439058
556	1.412382
557	1.435869
558	1.429118
559	1.443617
560	1.452450
561	1.433399
562	1.432646
563	1.409089
564	1.438020
565	1.441764
566	1.440483
567	1.437569
568	1.427131
569	1.446674
570	1.421757
571	1.423988
572	1.419052
573	1.437626
574	1.450660
575	1.426783
576	1.440747
577	1.419409
578	1.437041
579	1.421674
580	1.436932
581	1.434011
582	1.442461
583	1.444031
584	1.417457
585	1.428680
586	1.422953
587	1.451108
588	1.438848
589	1.434472
590	1.435872
591	1.424236
592	1.442496
593	1.420375
594	1.429460
595	1.431492
596	1.446294
597	1.439203
598	1.425101
599	1.436512
600	1.435337
601	1.452149
602	1.421474
603	1.438815
604	1.453431
605	1.430197
606	1.447144
607	1.415072
608	1.447481
609	1.427789
610	1.438313
611	1.439476
612	1.426189
613	1.461988
614	1.424663
615	1.433588
616	1.417100
617	1.435752
618	1.440370
619	1.423837
620	1.441430
621	1.443695
622	1.447173
623	1.429602
624	1.414402
625	1.449351
626	1.420700
627	1.425004
628	1.426848
629	1.438725
630	1.455250
631	1.421494
632	1.443938
633	1.430212
634	1.431118
635	1.431211
636	1.413999
637	1.455340
638	1.430863
639	1.449449
640	1.433061
641	1.427947
642	1.433996
643	1.469513
644	1.418921
645	1.430192
646	1.423119
647	1.433702
648	1.432355
649	1.423238
650	1.452083
651	1.420925
652	1.441855
653	1.420090
654	1.430030
655	1.450286
656	1.418654
657	1.451506
658	1.431719
659	1.436716
660	1.438844
661	1.413604
662	1.455979
663	1.425128
664	1.440950
665	1.429061
666	1.436941
667	1.431481
668	1.419414
669	1.443646
670	1.428633
671	1.441650
672	1.436547
673	1.428061
674	1.459655
675	1.415120
676	1.446697
677	1.440113
678	1.426059
679	1.433986
680	1.414641
681	1.438710
682	1.437999
683	1.437401
684	1.434962
685	1.440430
686	1.448831
687	1.432426
688	1.421170
689	1.442286
690	1.445065
691	1.454412
692	1.419849
693	1.419624
694	1.431168
695	1.444654
696	1.456285
697	1.437956
698	1.449632
699	1.434051
700	1.442431
701	1.441905
702	1.441476
703	1.447692
704	1.414556
705	1.413249
706	1.435324
707	1.437852
708	1.446357
709	1.419137
710	1.442113
711	1.452163
712	1.439388
713	1.435400
714	1.436636
715	1.444332
716	1.438117
717	1.427066
718	1.453080
719	1.442808
720	1.429301
721	1.436401
722	1.435220
723	1.436858
724	1.427570
725	1.457313
726	1.443525
727	1.450752
728	1.429415
729	1.442370
730	1.435960
731	1.434975
732	1.453078
733	1.438800
734	1.450005
735	1.417742
736	1.454208
737	1.439506
738	1.455952
739	1.446066
740	1.435480
741	1.452824
742	1.425060
743	1.443287
744	1.428824
745	1.450668
746	1.441238
747	1.432500
748	1.436604
749	1.434004
750	1.444688
751	1.423274
752	1.445094
753	1.429966
754	1.454910
755	1.446511
756	1.432785
757	1.440512
758	1.425885
759	1.431721
760	1.424199
761	1.447087
762	1.442669
763	1.434076
764	1.430970
765	1.435222
766	1.454287
767	1.443392
768	1.456934
769	1.450907
770	1.445888
771	1.440308
772	1.424751
773	1.444784
774	1.448212
775	1.460441
776	1.431021
777	1.438739
778	1.442317
779	1.426780
780	1.439226
781	1.432684
782	1.451447
783	1.427592
784	1.433299
785	1.430892
786	1.439551
787	1.451622
788	1.440926
789	1.454731
790	1.427654
791	1.455511
792	1.442728
793	1.449673
794	1.464048
795	1.432236
796	1.444686
797	1.420525
798	1.467532
799	1.443356
800	1.458575
801	1.418457
802	1.434012
803	1.438749
804	1.420718
805	1.436958
806	1.430293
807	1.458943
808	1.429735
809	1.451330
810	1.419524
811	1.438747
812	1.442338
813	1.440227
814	1.452022
815	1.431963
816	1.459023
817	1.428338
818	1.451009
819	1.444920
820	1.453337
821	1.466627
822	1.442066
823	1.462474
824	1.444949
825	1.457924
826	1.423499
827	1.457549
828	1.459385
829	1.435874
830	1.463840
831	1.421894
832	1.456326
833	1.429626
834	1.432089
835	1.432270
836	1.440046
837	1.448928
838	1.416265
839	1.464469
840	1.438486
841	1.444878
842	1.419315
843	1.430296
844	1.465432
845	1.438484
846	1.466248
847	1.437693
848	1.475686
849	1.441274
850	1.463124
851	1.436678
852	1.468650
853	1.450109
854	1.442108
855	1.440853
856	1.450323
857	1.469913
858	1.440274
859	1.477499
860	1.447038
861	1.456660
862	1.439733
863	1.436141
864	1.430238
865	1.424011
866	1.434140
867	1.434513
868	1.439691
869	1.419114
870	1.442723
871	1.446609
872	1.477485
873	1.448489
874	1.448637
875	1.436717
876	1.460302
877	1.444912
878	1.447123
879	1.445568
880	1.450287
881	1.429865
882	1.444623
883	1.460060
884	1.453061
885	1.470258
886	1.443706
887	1.462118
888	1.454322
889	1.420260
890	1.442842
891	1.415288
892	1.452331
893	1.441303
894	1.440393
895	1.477958
896	1.458732
897	1.475037
898	1.473555
899	1.445828
900	1.465772
901	1.436212
902	1.457363
903	1.418317
904	1.451828
905	1.436910
906	1.440456
907	1.472175
908	1.459546
909	1.472453
910	1.438235
911	1.439610
912	1.442378
913	1.433439
914	1.430003
915	1.418998
916	1.458785
917	1.464488
918	1.457939
919	1.474883
920	1.463994
921	1.476192
922	1.462657
923	1.437085
924	1.440252
925	1.449697
926	1.434789
927	1.428895
928	1.429883
929	1.433909
930	1.446808
931	1.440757
932	1.452255
933	1.459693
934	1.459302
935	1.479723
936	1.458092
937	1.466816
938	1.455431
939	1.457772
940	1.450619
941	1.436299
942	1.462750
943	1.449378
944	1.464048
945	1.464253
946	1.447746
947	1.464602
948	1.457928
949	1.438794
950	1.455896
951	1.428349
952	1.434654
953	1.429767
954	1.445247
955	1.438159
956	1.453914
957	1.456506
958	1.474464
959	1.486618
960	1.465259
961	1.459590
962	1.447833
963	1.463011
964	1.474829
965	1.461071
966	1.467655
967	1.457106
968	1.450871
969	1.450764
970	1.455467
971	1.465004
972	1.457810
973	1.448846
974	1.436812
975	1.450863
976	1.480916
977	1.451278
978	1.465157
979	1.427323
980	1.450294
981	1.476283
982	1.473731
983	1.459954
984	1.449152
985	1.452385
986	1.469953
987	1.473697
988	1.459634
989	1.445333
990	1.446163
991	1.463423
992	1.454905
993	1.460435
994	1.457289
995	1.450659
996	1.445332
997	1.447125
998	1.460328
999	1.466196
1000	1.443339
1001	1.456285
1002	1.454340
1003	1.451078
1004	1.480042
1005	1.442538
1006	1.454249
1007	1.485967
1008	1.455441
1009	1.470142
1010	1.449235
1011	1.462887
1012	1.466986
1013	1.436753
1014	1.456775
1015	1.466392
1016	1.449303
1017	1.477672
1018	1.438801
1019	1.474101
1020	1.450854
1021	1.453747
1022	1.469081
1023	1.437142
1024	1.476217
1025	1.452662
1026	1.436579
1027	1.485662
1028	1.439527
1029	1.472992
1030	1.462363
1031	1.436791
1032	1.479188
1033	1.459102
1034	1.440060
1035	1.471558
1036	1.460572
1037	1.465549
1038	1.460517
1039	1.442902
1040	1.467484
1041	1.465177
1042	1.482572
1043	1.458151
1044	1.448915
1045	1.460563
1046	1.467502
1047	1.470615
1048	1.458145
1049	1.471840
1050	1.469266
1051	1.465382
1052	1.445463
1053	1.456928
1054	1.454172
1055	1.471001
1056	1.474292
1057	1.437417
1058	1.458622
1059	1.463249
1060	1.461354
1061	1.445235
1062	1.452754
1063	1.448980
1064	1.443560
1065	1.448422
1066	1.466067
1067	1.451161
1068	1.453806
1069	1.478511
1070	1.448136
1071	1.449580
1072	1.478658
1073	1.432087
1074	1.453198
1075	1.445801
1076	1.467351
1077	1.470992
1078	1.447099
1079	1.477442
1080	1.469201
1081	1.480642
1082	1.486697
1083	1.450246
1084	1.462279
1085	1.484735
1086	1.464944
1087	1.474220
1088	1.489126
1089	1.497563
1090	1.490064
1091	1.480444
1092	1.480296
1093	1.491922
1094	1.473817
1095	1.464847
1096	1.468157
1097	1.469476
1098	1.478618
1099	1.465511
1100	1.451981
1101	1.489919
1102	1.454265
1103	1.452830
1104	1.471254
1105	1.461525
1106	1.445110
1107	1.455188
1108	1.446910
1109	1.461208
1110	1.453214
1111	1.463472
1112	1.470701
1113	1.466421
1114	1.453670
1115	1.479818
1116	1.430759
1117	1.449753
1118	1.463771
1119	1.433683
1120	1.479596
1121	1.464177
1122	1.456133
1123	1.482085
1124	1.455381
1125	1.469883
1126	1.492218
1127	1.443680
1128	1.451988
1129	1.490427
1130	1.465711
1131	1.480493
1132	1.462807
1133	1.460293
1134	1.517508
1135	1.462453
1136	1.443389
1137	1.487243
1138	1.466900
1139	1.474430
1140	1.454394
1141	1.476512
1142	1.492389
1143	1.467822
1144	1.477624
1145	1.480886
1146	1.483758
1147	1.481740
1148	1.468324
1149	1.462405
1150	1.483473
1151	1.504172
1152	1.470201
1153	1.445194
1154	1.496715
1155	1.465281
1156	1.461810
1157	1.436460
1158	1.466064
1159	1.479900
1160	1.427515
1161	1.451458
1162	1.467198
1163	1.443591
1164	1.438624
1165	1.470879
1166	1.429784
1167	1.463800
1168	1.474597
1169	1.440413
1170	1.480394
1171	1.472725
1172	1.443198
1173	1.458077
1174	1.448151
1175	1.441008
1176	1.489197
1177	1.451658
1178	1.441663
1179	1.459484
1180	1.463979
1181	1.461660
1182	1.470045
1183	1.465737
1184	1.496587
1185	1.457486
1186	1.473246
1187	1.468067
1188	1.465661
1189	1.474417
1190	1.458372
1191	1.450563
1192	1.460767
1193	1.457065
1194	1.457422
1195	1.461826
1196	1.464801
1197	1.489419
1198	1.470301
1199	1.472074
1200	1.482305
1201	1.481052
1202	1.466353
1203	1.475457
1204	1.464054
1205	1.453384
1206	1.457259
1207	1.472496
1208	1.479714
1209	1.468310
1210	1.473865
1211	1.483459
1212	1.482586
1213	1.477827
1214	1.485198
1215	1.478347
1216	1.480473
1217	1.477267
1218	1.443928
1219	1.460929
1220	1.472347
1221	1.466870
1222	1.458684
1223	1.485838
1224	1.458342
1225	1.477164
1226	1.482366
1227	1.469597
1228	1.488766
1229	1.455653
1230	1.462880
1231	1.487643
1232	1.450345
1233	1.463179
1234	1.492484
1235	1.457487
1236	1.461046
1237	1.479055
1238	1.464697
1239	1.477904
1240	1.480660
1241	1.460738
1242	1.480185
1243	1.483655
1244	1.456911
1245	1.476165
1246	1.508987
1247	1.476939
1248	1.456157
1249	1.491746
1250	1.486321
1251	1.478962
1252	1.468697
1253	1.489009
1254	1.466733
1255	1.480675
1256	1.480862
1257	1.483342
1258	1.497442
1259	1.488683
1260	1.484370
1261	1.492653
1262	1.453025
1263	1.463404
1264	1.485027
1265	1.465555
1266	1.457502
1267	1.446413
1268	1.470335
1269	1.481506
1270	1.489314
1271	1.491302
1272	1.468081
1273	1.509095
1274	1.491626
1275	1.470119
1276	1.486058
1277	1.469844
1278	1.450888
1279	1.484693
1280	1.463070
1281	1.467430
1282	1.463511
1283	1.472662
1284	1.461043
1285	1.456033
1286	1.498513
1287	1.489583
1288	1.485350
1289	1.486689
1290	1.457403
1291	1.479340
1292	1.472024
1293	1.494684
1294	1.476268
1295	1.479073
1296	1.484405
1297	1.457494
1298	1.511906
1299	1.484276
1300	1.467112
1301	1.469665
1302	1.465407
1303	1.485654
1304	1.485408
1305	1.468317
1306	1.482674
1307	1.469682
1308	1.488154
1309	1.479895
1310	1.488741
1311	1.498705
1312	1.478564
1313	1.464782
1314	1.473950
1315	1.467409
1316	1.467729
1317	1.454102
1318	1.468015
1319	1.472882
1320	1.464139
1321	1.484590
1322	1.467909
1323	1.469708
1324	1.508665
1325	1.480631
1326	1.471569
1327	1.491566
1328	1.471833
1329	1.475577
1330	1.478904
1331	1.473230
1332	1.470524
1333	1.499413
1334	1.475411
1335	1.445009
1336	1.504187
1337	1.477595
1338	1.472437
1339	1.499400
1340	1.467341
1341	1.468971
1342	1.479383
1343	1.453083
1344	1.473750
1345	1.481836
1346	1.467374
1347	1.478637
1348	1.475547
1349	1.480878
1350	1.502229
1351	1.483266
1352	1.478465
1353	1.497577
1354	1.467989
1355	1.464886
1356	1.473457
1357	1.489896
1358	1.479771
1359	1.475960
1360	1.485151
1361	1.465762
1362	1.479568
1363	1.459632
1364	1.485795
1365	1.502868
1366	1.483244
1367	1.479749
1368	1.478232
1369	1.480859
1370	1.484790
1371	1.475392
1372	1.458340
1373	1.502669
1374	1.475909
1375	1.479317
1376	1.490536
1377	1.478495
1378	1.489057
1379	1.485404
1380	1.469242
1381	1.486710
1382	1.487687
1383	1.497891
1384	1.484260
1385	1.492987
1386	1.489179
1387	1.487810
1388	1.474690
1389	1.489764
1390	1.480737
1391	1.484899
1392	1.489207
1393	1.480430
1394	1.496251
1395	1.494203
1396	1.455899
1397	1.493890
1398	1.492823
1399	1.479734
1400	1.479457
1401	1.515775
1402	1.489777
1403	1.482815
1404	1.474496
1405	1.485682
1406	1.481740
1407	1.478042
1408	1.494551
1409	1.486902
1410	1.485375
1411	1.492960
1412	1.498822
1413	1.455210
1414	1.457699
1415	1.514240
1416	1.510214
1417	1.489546
1418	1.487543
1419	1.485085
1420	1.465457
1421	1.484968
1422	1.509511
1423	1.499929
1424	1.508565
1425	1.475103
1426	1.468487
1427	1.471119
1428	1.489705
1429	1.477205
1430	1.507944
1431	1.525696
1432	1.477449
1433	1.453380
1434	1.486662
1435	1.494995
1436	1.475421
1437	1.498956
1438	1.502355
1439	1.478423
1440	1.495507
1441	1.499948
1442	1.512813
1443	1.511699
1444	1.495518
1445	1.494495
1446	1.537157
1447	1.503354
1448	1.474681
1449	1.480304
1450	1.487743
1451	1.493327
1452	1.481465
1453	1.509166
1454	1.492620
1455	1.475361
1456	1.488018
1457	1.510502
1458	1.473076
1459	1.489136
1460	1.489600
1461	1.470061
1462	1.497214
1463	1.477510
1464	1.475084
1465	1.505054
1466	1.498895
1467	1.491830
1468	1.508095
1469	1.476133
1470	1.471988
1471	1.489490
1472	1.458232
1473	1.465868
1474	1.472647
1475	1.478672
1476	1.470647
1477	1.494871
1478	1.486684
1479	1.467418
1480	1.492578
1481	1.492646
1482	1.478013
1483	1.511638
1484	1.491806
1485	1.489015
1486	1.522471
1487	1.497480
1488	1.493677
1489	1.516840
1490	1.497523
1491	1.493378
1492	1.506569
1493	1.472848
1494	1.490551
1495	1.484614
1496	1.489182
1497	1.462468
1498	1.494491
1499	1.483119
1500	1.491328
1501	1.476658
1502	1.459097
1503	1.497023
1504	1.491567
1505	1.473918
1506	1.490451
1507	1.497728
1508	1.500585
1509	1.490484
1510	1.502727
1511	1.504812
1512	1.519375
1513	1.490657
1514	1.508480
1515	1.500756
1516	1.490204
1517	1.496511
1518	1.513987
1519	1.510446
1520	1.485607
1521	1.517618
1522	1.503654
1523	1.488625
1524	1.497631
1525	1.496936
1526	1.481503
1527	1.491620
1528	1.483636
1529	1.458781
1530	1.481004
1531	1.462500
1532	1.517486
1533	1.492897
1534	1.483157
1535	1.500601
1536	1.475595
1537	1.492897
1538	1.501443
1539	1.494179
1540	1.479078
1541	1.471907
1542	1.487440
1543	1.482518
1544	1.480812
1545	1.489897
1546	1.479692
1547	1.456192
1548	1.496567
1549	1.492036
1550	1.502214
1551	1.472174
1552	1.506361
1553	1.491186
1554	1.501948
1555	1.496132
1556	1.486007
1557	1.489418
1558	1.477207
1559	1.481781
1560	1.501414
1561	1.475138
1562	1.508825
1563	1.498735
1564	1.503767
1565	1.496432
1566	1.523719
1567	1.534880
1568	1.495114
1569	1.546236
1570	1.515294
1571	1.504562
1572	1.507790
1573	1.523335
1574	1.501985
1575	1.516902
1576	1.523994
1577	1.482732
1578	1.513967
1579	1.481987
1580	1.533632
1581	1.503654
1582	1.488515
1583	1.508504
1584	1.509321
1585	1.500048
1586	1.522883
1587	1.519805
1588	1.507221
1589	1.498234
1590	1.491874
1591	1.488619
1592	1.503690
1593	1.507333
1594	1.497250
1595	1.512713
1596	1.491135
1597	1.483438
1598	1.516270
1599	1.498655
1600	1.533770
1601	1.504240
1602	1.505014
1603	1.487700
1604	1.486608
1605	1.489146
1606	1.502349
1607	1.516818
1608	1.503461
1609	1.509060
1610	1.491246
1611	1.468205
1612	1.485182
1613	1.508529
1614	1.515865
1615	1.484141
1616	1.522488
1617	1.510570
1618	1.509794
1619	1.517969
1620	1.505532
1621	1.522883
1622	1.483212
1623	1.504679
1624	1.516299
1625	1.469304
1626	1.494911
1627	1.509259
1628	1.509670
1629	1.494098
1630	1.523609
1631	1.525308
1632	1.538865
1633	1.521093
1634	1.514567
1635	1.517709
1636	1.485020
1637	1.501335
1638	1.487683
1639	1.491412
1640	1.486849
1641	1.517550
1642	1.508613
1643	1.519451
1644	1.508757
1645	1.511017
1646	1.510125
1647	1.491762
1648	1.514376
1649	1.496569
1650	1.521911
1651	1.486047
1652	1.514062
1653	1.489962
1654	1.509819
1655	1.516400
1656	1.498025
1657	1.497107
1658	1.502102
1659	1.498931
1660	1.486984
1661	1.498905
1662	1.501705
1663	1.520618
1664	1.526758
1665	1.526230
1666	1.541609
1667	1.540661
1668	1.540595
1669	1.515643
1670	1.497324
1671	1.495235
1672	1.487753
1673	1.467595
1674	1.494411
1675	1.514147
1676	1.549215
1677	1.537437
1678	1.548466
1679	1.542085
1680	1.547143
1681	1.516045
1682	1.513073
1683	1.518695
1684	1.500755
1685	1.548797
1686	1.546636
1687	1.521322
1688	1.522459
1689	1.492334
1690	1.558793
1691	1.553676
1692	1.534503
1693	1.493806
1694	1.543466
1695	1.532043
1696	1.551879
1697	1.526194
1698	1.526741
1699	1.535640
1700	1.555235
1701	1.516617
1702	1.508329
1703	1.543280
1704	1.524284
1705	1.533994
1706	1.566341
1707	1.524376
1708	1.510693
1709	1.532646
1710	1.558822
1711	1.526921
1712	1.509998
1713	1.532454
1714	1.540499
1715	1.511976
1716	1.540640
1717	1.529243
1718	1.511900
1719	1.531380
1720	1.523061
1721	1.549508
1722	1.516772
1723	1.527893
1724	1.590366
1725	1.527513
1726	1.486758
1727	1.541028
1728	1.540990
1729	1.520958
1730	1.563547
1731	1.539827
1732	1.525528
1733	1.565543
1734	1.560731
1735	1.512859
1736	1.529785
1737	1.571224
1738	1.538454
1739	1.512949
1740	1.522030
1741	1.536361
1742	1.514849
1743	1.559946
1744	1.562399
1745	1.486408
1746	1.544121
1747	1.527823
1748	1.526230
1749	1.570041
1750	1.497251
1751	1.509616
1752	1.579264
1753	1.506473
1754	1.563560
1755	1.530791
1756	1.517760
1757	1.577105
1758	1.528062
1759	1.518918
1760	1.568737
1761	1.534824
1762	1.551298
1763	1.546685
1764	1.541084
1765	1.593688
1766	1.496582
1767	1.587432
1768	1.496407
1769	1.588406
1770	1.550205
1771	1.533681
1772	1.566729
1773	1.498880
1774	1.566920
1775	1.523771
1776	1.543131
1777	1.523897
1778	1.540112
1779	1.565085
1780	1.549243
1781	1.523846
1782	1.544868
1783	1.609196
1784	1.515719
1785	1.540011
1786	1.570577
1787	1.561569
1788	1.518357
1789	1.559716
1790	1.549950
1791	1.540093
1792	1.512759
1793	1.570169
1794	1.555262
1795	1.531961
1796	1.509302
1797	1.546405
1798	1.563604
1799	1.588650
1800	1.521704
1801	1.530277
1802	1.549667
1803	1.556461
1804	1.540668
1805	1.539824
1806	1.594168
1807	1.519410
1808	1.545176
1809	1.567746
1810	1.550172
1811	1.523532
1812	1.553365
1813	1.569866
1814	1.567513
1815	1.534046
1816	1.545504
1817	1.542521
1818	1.539573
1819	1.604146
1820	1.515183
1821	1.568501
1822	1.548188
1823	1.575849
1824	1.526773
1825	1.581950
1826	1.523422
1827	1.602140
1828	1.537037
1829	1.513966
1830	1.599583
1831	1.542544
1832	1.537141
1833	1.580280
1834	1.551013
1835	1.528176
1836	1.569924
1837	1.565407
1838	1.536742
1839	1.569819
1840	1.558091
1841	1.566734
1842	1.534636
1843	1.537935
1844	1.602486
1845	1.566495
1846	1.568522
1847	1.561898
1848	1.558379
1849	1.573211
1850	1.606693
1851	1.518555
1852	1.605783
1853	1.549312
1854	1.570265
1855	1.527645
1856	1.589297
1857	1.548586
1858	1.566944
1859	1.581980
1860	1.550134
1861	1.555899
1862	1.537059
1863	1.609091
1864	1.536340
1865	1.595174
1866	1.511953
1867	1.590313
1868	1.548331
1869	1.573731
1870	1.542288
1871	1.553890
1872	1.592867
1873	1.562611
1874	1.530394
1875	1.575981
1876	1.589044
1877	1.540417
1878	1.590036
1879	1.525156
1880	1.549581
1881	1.600268
1882	1.586096
1883	1.527688
1884	1.629570
1885	1.560126
1886	1.607676
1887	1.521906
1888	1.601119
1889	1.584051
1890	1.618681
1891	1.543193
1892	1.591387
1893	1.580043
1894	1.527128
1895	1.600667
1896	1.565005
1897	1.585387
1898	1.565259
1899	1.625532
1900	1.525406
1901	1.573915
1902	1.597105
1903	1.591132
1904	1.605028
1905	1.550043
1906	1.576940
1907	1.558666
1908	1.599184
1909	1.537597
1910	1.578052
1911	1.614980
1912	1.561564
1913	1.556695
1914	1.561270
1915	1.589695
1916	1.578226
1917	1.599244
1918	1.537212
1919	1.573778
1920	1.587865
1921	1.598040
1922	1.585239
1923	1.588970
1924	1.562680
1925	1.600258
1926	1.526704
1927	1.615994
1928	1.574975
1929	1.622282
1930	1.545303
1931	1.591893
1932	1.567029
1933	1.564555
1934	1.598663
1935	1.577085
1936	1.577036
1937	1.536077
1938	1.591158
1939	1.565913
1940	1.610446
1941	1.589401
1942	1.600439
1943	1.594272
1944	1.596317
1945	1.563760
1946	1.596634
1947	1.594810
1948	1.601219
1949	1.588756
1950	1.580060
1951	1.594136
1952	1.543580
1953	1.622450
1954	1.605554
1955	1.577082
1956	1.559985
1957	1.590345
1958	1.564192
1959	1.551893
1960	1.611907
1961	1.595941
1962	1.596633
1963	1.586808
1964	1.538132
1965	1.619425
1966	1.599794
1967	1.629797
1968	1.595812
1969	1.598567
1970	1.605406
1971	1.585120
1972	1.610584
1973	1.571975
1974	1.632179
1975	1.593900
1976	1.631621
1977	1.602050
1978	1.589920
1979	1.629597
1980	1.612078
1981	1.579616
1982	1.601030
1983	1.568030
1984	1.628923
1985	1.606445
1986	1.610408
1987	1.578692
1988	1.643718
1989	1.588918
1990	1.606897
1991	1.614020
1992	1.573931
1993	1.600750
1994	1.603071
1995	1.575919
1996	1.606299
1997	1.567891
1998	1.561881
1999	1.640992
2000	1.613105
2001	1.596515
2002	1.606830
2003	1.648541
2004	1.643046
2005	1.582169
2006	1.639884
2007	1.621060
2008	1.646093
2009	1.637404
2010	1.616669
2011	1.679703
2012	1.575016
2013	1.613826
2014	1.611697
2015	1.639074
2016	1.654005
2017	1.593004
2018	1.611039
2019	1.611856
2020	1.627988
2021	1.642049
2022	1.647474
2023	1.596384
2024	1.697496
2025	1.579288
2026	1.618878
2027	1.625197
2028	1.662722
2029	1.626932
2030	1.592870
2031	1.644827
2032	1.622264
2033	1.618155
2034	1.613835
2035	1.601536
2036	1.656683
2037	1.576829
2038	1.615090
2039	1.573907
2040	1.646843
2041	1.665775
2042	1.646424
2043	1.611688
2044	1.652689
2045	1.606226
2046	1.632472
2047	1.674188
2048	1.649215
2049	1.728189
2050	1.687112
2051	1.685477
2052	1.625620
2053	1.642878
2054	1.611443
2055	1.618984
2056	1.648889
2057	1.707107
2058	1.685424
2059	1.692559
2060	1.606295
2061	1.601485
2062	1.610553
2063	1.612175
2064	1.622641
2065	1.665230
2066	1.697345
2067	1.595011
2068	1.597119
2069	1.625420
2070	1.618247
2071	1.645941
2072	1.635172
2073	1.652072
2074	1.676326
2075	1.677077
2076	1.557877
2077	1.612496
2078	1.625176
2079	1.639966
2080	1.603010
2081	1.674891
2082	1.608425
2083	1.618401
2084	1.574232
2085	1.554653
2086	1.635158
2087	1.654070
2088	1.692521
2089	1.651529
2090	1.680956
2091	1.619934
2092	1.701331
2093	1.677948
2094	1.663591
2095	1.719597
2096	1.662131
2097	1.667453
2098	1.621882
2099	1.637758
2100	1.657102
2101	1.584178
2102	1.613361
2103	1.603937
2104	1.633934
2105	1.654597
2106	1.651110
2107	1.668787
2108	1.640197
2109	1.599862
2110	1.602717
2111	1.590816
2112	1.615411
2113	1.588601
2114	1.644888
2115	1.714675
2116	1.698980
2117	1.717804
2118	1.697353
2119	1.683220
2120	1.646112
2121	1.694120
2122	1.715528
2123	1.742055
2124	1.737014
2125	1.661080
2126	1.676220
2127	1.656850
2128	1.727558
2129	1.684609
2130	1.642243
2131	1.632272
2132	1.666105
2133	1.702601
2134	1.689584
2135	1.689936
2136	1.672234
2137	1.650521
2138	1.690971
2139	1.774919
2140	1.739247
2141	1.721041
2142	1.714365
2143	1.710105
2144	1.704110
2145	1.790111
2146	1.755922
2147	1.775768
2148	1.784846
2149	1.768213
2150	1.767240
2151	1.731734
2152	1.707400
2153	1.727314
2154	1.775906
2155	1.683615
2156	1.694179
2157	1.689666
2158	1.673290
2159	1.769998
2160	1.710325
2161	1.781718
2162	1.714425
2163	1.743175
2164	1.774139
2165	1.742050
2166	1.691972
2167	1.699666
2168	1.749081
2169	1.667418
2170	1.723220
2171	1.687051
2172	1.780767
2173	1.785726
2174	1.850067
2175	1.777950
2176	1.820838
2177	1.877316
2178	1.810066
2179	1.716774
2180	1.729264
2181	1.723158
2182	1.756380
2183	1.668391
2184	1.694207
2185	1.855549
2186	1.754397
2187	1.777336
2188	1.780218
2189	1.758950
2190	1.782882
2191	1.775311
2192	1.751539
2193	1.759256
2194	1.750427
2195	1.720060
2196	1.664981
2197	1.718609
2198	1.760202
2199	1.728820
2200	1.772840
2201	1.786982
2202	1.902881
2203	1.871328
2204	1.712717
2205	1.767582
2206	1.824023
2207	1.848810
2208	1.732080
2209	1.792793
2210	1.899708
2211	1.810639
2212	1.791694
2213	1.824402
2214	1.858730
2215	1.834038
2216	1.702512
2217	1.853059
2218	1.874081
2219	1.668088
2220	1.784086
2221	1.781596
2222	1.884593
2223	1.803309
2224	1.863310
2225	1.756459
2226	1.895885
2227	1.842100
2228	1.740961
2229	1.863106
2230	1.867133
2231	1.725396
2232	1.860982
2233	1.910819
2234	1.855689
2235	1.714442
2236	1.942316
2237	1.851684
2238	1.772905
2239	1.862724
2240	1.729746
2241	2.022040
2242	1.854600
2243	1.922268
2244	1.900059
2245	1.987701
2246	1.872216
2247	1.918683
2248	2.089583
2249	1.758128
2250	1.961849
2251	1.891405
2252	1.882080
2253	1.756066
2254	1.965030
2255	2.003542
2256	1.826174
2257	1.895430
2258	1.838668
2259	2.024629
2260	1.765651
2261	2.063195
2262	1.931156
2263	1.912038
2264	1.780295
2265	1.960976
2266	1.966135
2267	1.772367
2268	2.034513
2269	1.817240
2270	1.958054
2271	1.839194
2272	2.024857
2273	1.901308
2274	1.945134
2275	1.813558
2276	1.847831
2277	1.903395
2278	1.852876
2279	1.902020
2280	1.872299
2281	2.072742
2282	1.967418
2283	1.965196
2284	2.030577
2285	1.976589
2286	2.016039
2287	1.951467
2288	2.045244
2289	1.961888
2290	2.034170
2291	1.967438
2292	1.981003
2293	2.008683
2294	1.954289
2295	2.074663
2296	1.923961
2297	2.036937
2298	1.944782
2299	2.021481
2300	1.925396
2301	1.846917
2302	1.920390
2303	1.948709
2304	2.039606
2305	1.988535
2306	2.054220
2307	1.972407
2308	1.988081
2309	2.012032
2310	1.963708
2311	2.011852
2312	1.922937
2313	2.019333
2314	1.922102
2315	2.008056
2316	2.082187
2317	1.965381
2318	1.966589
2319	2.002208
2320	2.105677
2321	2.001921
2322	2.149769
2323	2.016616
2324	2.064600
2325	2.129769
2326	2.141587
2327	2.073381
2328	2.119774
2329	2.062018
2330	2.022215
2331	2.023529
2332	2.105262
2333	2.095355
2334	2.098084
2335	2.055787
2336	2.126270
2337	2.115824
2338	2.021603
2339	2.109626
2340	2.141293
2341	2.002712
2342	2.076532
2343	2.133712
2344	2.075874
2345	1.994432
2346	2.167976
2347	2.023320
2348	2.088365
2349	2.066080
2350	2.110669
2351	2.031066
2352	1.997290
2353	2.109206
2354	2.063228
2355	2.045175
2356	2.072879
2357	2.244023
2358	2.031076
2359	2.027743
2360	2.209640
2361	2.120400
2362	2.167114
2363	2.107313
2364	2.217614
2365	2.095755
2366	2.258358
2367	2.200706
2368	2.229131
2369	2.138788
2370	2.169955
2371	2.122220
2372	2.022080
2373	2.164932
2374	2.245411
2375	2.121579
2376	2.262451
2377	2.154036
2378	2.159029
2379	2.176567
2380	2.277857
2381	2.274860
2382	2.082866
2383	2.260891
2384	2.124894
2385	2.138007
2386	2.233678
2387	2.072859
2388	2.159577
2389	2.165216
2390	2.152282
2391	2.099185
2392	2.270542
2393	2.207129
2394	2.127400
2395	2.185185
2396	2.120309
2397	2.214756
2398	2.143916
2399	2.221001
2400	2.087845
2401	2.282217
2402	2.276231
2403	2.177652
2404	2.302332
2405	2.159924
2406	2.347708
2407	2.156337
2408	2.320285
2409	2.224878
2410	2.216744
2411	2.299183
2412	2.283601
2413	2.263266
2414	2.196523
2415	2.178004
2416	2.246542
2417	2.200867
2418	2.279886
2419	2.299212
2420	2.226354
2421	2.253511
2422	2.242438
2423	2.287254
2424	2.229812
2425	2.242130
2426	2.189668
2427	2.307402
2428	2.127894
2429	2.274919
2430	2.216246
2431	2.341658
2432	2.150907
2433	2.234810
2434	2.239403
2435	2.241971
2436	2.259740
2437	2.311938
2438	2.279044
2439	2.197590
2440	2.297027
2441	2.353445
2442	2.304567
2443	2.295060
2444	2.281299
2445	2.325827
2446	2.223510
2447	2.311490
2448	2.288079
2449	2.239242
2450	2.257043
2451	2.327809
2452	2.211471
2453	2.308242
2454	2.377571
2455	2.278847
2456	2.290687
2457	2.284270
2458	2.300566
2459	2.270206
2460	2.321800
2461	2.358918
2462	2.319762
2463	2.338868
2464	2.284470
2465	2.363563
2466	2.268929
2467	2.304685
2468	2.275911
2469	2.322635
2470	2.355356
2471	2.273377
2472	2.391839
2473	2.364457
2474	2.247687
2475	2.356961
2476	2.308967
2477	2.327040
2478	2.250149
2479	2.336582
2480	2.304257
2481	2.378968
2482	2.257425
2483	2.371781
2484	2.363200
2485	2.432322
2486	2.363209
2487	2.356984
2488	2.413204
2489	2.277948
2490	2.371327
2491	2.353948
2492	2.440020
2493	2.351369
2494	2.369612
2495	2.447517
2496	2.242776
2497	2.396886
2498	2.313381
2499	2.345515
2500	2.342967
2501	2.363055
2502	2.296510
2503	2.407993
2504	2.330372
2505	2.476751
2506	2.270096
2507	2.392012
2508	2.285789
2509	2.444954
2510	2.203309
2511	2.550763
2512	2.158563
2513	2.415924
2514	2.355219
2515	2.307104
2516	2.484169
2517	2.302773
2518	2.243230
2519	2.409368
2520	2.436027
2521	2.347985
2522	2.379769
2523	2.418812
2524	2.337780
2525	2.312484
2526	2.444297
2527	2.418813
2528	2.433531
2529	2.342328
2530	2.410964
2531	2.370671
2532	2.420568
2533	2.351580
2534	2.428555
2535	2.387403
2536	2.335519
2537	2.480326
2538	2.249476
2539	2.492550
2540	2.347162
2541	2.492511
2542	2.243268
2543	2.433564
2544	2.380077
2545	2.462650
2546	2.305892
2547	2.403427
2548	2.377880
2549	2.399359
2550	2.415408
2551	2.355757
2552	2.490660
2553	2.331983
2554	2.391604
2555	2.433200
2556	2.396636
2557	2.452167
2558	2.318415
2559	2.394165
2560	2.399794
