0	0.959448
1	0.960673
2	0.957004
3	0.953786
4	0.958469
5	0.960840
6	0.954273
7	0.955036
8	0.960364
9	0.958963
10	0.952968
11	0.956490
12	0.961211
13	0.956433
14	0.953985
15	0.959003
16	0.960317
17	0.954352
18	0.955258
19	0.960663
20	0.958092
21	0.953742
22	0.954704
23	0.959170
24	0.959369
25	0.954605
26	0.954814
27	0.960312
28	0.958783
29	0.953586
30	0.958318
31	0.960226
32	0.954858
33	0.954567
34	0.960832
35	0.958901
36	0.953143
37	0.956702
38	0.960456
39	0.957465
40	0.952941
41	0.955735
42	0.960977
43	0.957195
44	0.953716
45	0.954873
46	0.959573
47	0.959037
48	0.954089
49	0.954519
50	0.959821
51	0.959102
52	0.954255
53	0.955966
54	0.960617
55	0.958153
56	0.953104
57	0.956078
58	0.960871
59	0.957027
60	0.953208
61	0.955745
62	0.960165
63	0.958863
64	0.954154
65	0.955968
66	0.960788
67	0.957023
68	0.953045
69	0.956377
70	0.961075
71	0.956329
72	0.953382
73	0.957844
74	0.960697
75	0.955159
76	0.953702
77	0.958616
78	0.960052
79	0.954857
80	0.954463
81	0.959295
82	0.960178
83	0.954465
84	0.955098
85	0.959804
86	0.958874
87	0.953687
88	0.954952
89	0.960624
90	0.958008
91	0.953434
92	0.956139
93	0.960013
94	0.958120
95	0.953282
96	0.958234
97	0.960343
98	0.956012
99	0.954316
100	0.960403
101	0.959612
102	0.954020
103	0.957792
104	0.960768
105	0.955896
106	0.955862
107	0.960649
108	0.958289
109	0.953887
110	0.959368
111	0.960235
112	0.954326
113	0.955983
114	0.960885
115	0.957108
116	0.953482
117	0.958146
118	0.960739
119	0.955135
120	0.956756
121	0.960948
122	0.957948
123	0.953698
124	0.959970
125	0.959847
126	0.954202
127	0.958692
128	0.960227
129	0.954094
130	0.956150
131	0.961243
132	0.956705
133	0.953958
134	0.958697
135	0.960172
136	0.955225
137	0.954252
138	0.960038
139	0.959400
140	0.953697
141	0.957759
142	0.961035
143	0.955966
144	0.954732
145	0.960755
146	0.958376
147	0.953645
148	0.959012
149	0.960205
150	0.954821
151	0.955472
152	0.960846
153	0.957692
154	0.953882
155	0.959038
156	0.960296
157	0.954464
158	0.958045
159	0.961107
160	0.954530
161	0.956289
162	0.961361
163	0.956111
164	0.954479
165	0.959917
166	0.959145
167	0.954557
168	0.958399
169	0.960833
170	0.954357
171	0.956073
172	0.961250
173	0.956459
174	0.954177
175	0.960267
176	0.959168
177	0.953833
178	0.956147
179	0.960214
180	0.957665
181	0.952890
182	0.957567
183	0.960771
184	0.955423
185	0.954777
186	0.959916
187	0.959414
188	0.953753
189	0.957660
190	0.961092
191	0.954745
192	0.956018
193	0.961525
194	0.956850
195	0.954866
196	0.960300
197	0.959064
198	0.953508
199	0.958368
200	0.960360
201	0.954499
202	0.955905
203	0.961748
204	0.956481
205	0.954255
206	0.961024
207	0.958739
208	0.953377
209	0.958130
210	0.960929
211	0.954486
212	0.956135
213	0.961230
214	0.956401
215	0.954504
216	0.960131
217	0.959481
218	0.953844
219	0.955912
220	0.961060
221	0.957246
222	0.954020
223	0.958684
224	0.960200
225	0.954868
226	0.955558
227	0.960864
228	0.957325
229	0.953274
230	0.958650
231	0.960267
232	0.955173
233	0.954054
234	0.959952
235	0.959143
236	0.954170
237	0.954544
238	0.960244
239	0.958594
240	0.953773
241	0.959348
242	0.960337
243	0.954243
244	0.957774
245	0.961133
246	0.955524
247	0.953694
248	0.960241
249	0.959042
250	0.954198
251	0.958088
252	0.961139
253	0.954560
254	0.955721
255	0.961648
256	0.956918
257	0.954541
258	0.961457
259	0.957707
260	0.953028
261	0.957255
262	0.960451
263	0.956643
264	0.954510
265	0.960511
266	0.958849
267	0.953596
268	0.958946
269	0.960122
270	0.954117
271	0.957623
272	0.961163
273	0.955289
274	0.954843
275	0.961304
276	0.958094
277	0.953788
278	0.958883
279	0.960245
280	0.953724
281	0.956778
282	0.961746
283	0.955905
284	0.953469
285	0.958748
286	0.959852
287	0.955099
288	0.954202
289	0.960035
290	0.959565
291	0.953757
292	0.958386
293	0.960065
294	0.955529
295	0.955095
296	0.960225
297	0.958202
298	0.953356
299	0.956712
300	0.960441
301	0.956958
302	0.954519
303	0.960402
304	0.959106
305	0.953757
306	0.956909
307	0.960802
308	0.955094
309	0.954292
310	0.959569
311	0.960017
312	0.954035
313	0.956028
314	0.960936
315	0.956955
316	0.953563
317	0.958452
318	0.960866
319	0.954726
320	0.956835
321	0.960693
322	0.957898
323	0.953388
324	0.958235
325	0.960986
326	0.955861
327	0.953915
328	0.960142
329	0.959643
330	0.953946
331	0.956895
332	0.961288
333	0.955917
334	0.953795
335	0.958824
336	0.959672
337	0.954960
338	0.955011
339	0.960029
340	0.958774
341	0.953414
342	0.956964
343	0.960778
344	0.956071
345	0.954191
346	0.960171
347	0.958567
348	0.953742
349	0.956786
350	0.960834
351	0.956684
352	0.953624
353	0.960025
354	0.959933
355	0.953704
356	0.957024
357	0.960878
358	0.955876
359	0.954957
360	0.960288
361	0.958910
362	0.953085
363	0.955946
364	0.960735
365	0.957849
366	0.953593
367	0.956698
368	0.961325
369	0.956560
370	0.954214
371	0.959102
372	0.960085
373	0.954399
374	0.955220
375	0.960659
376	0.958256
377	0.953440
378	0.956639
379	0.960832
380	0.957016
381	0.953547
382	0.957298
383	0.960905
384	0.955561
385	0.954711
386	0.961335
387	0.958038
388	0.954031
389	0.959565
390	0.959593
391	0.954062
392	0.955416
393	0.960473
394	0.957969
395	0.953909
396	0.960186
397	0.959653
398	0.954164
399	0.956638
400	0.961905
401	0.955438
402	0.954808
403	0.960522
404	0.959136
405	0.953444
406	0.958569
407	0.960845
408	0.954418
409	0.956260
410	0.960651
411	0.957412
412	0.954047
413	0.959089
414	0.960511
415	0.955072
416	0.955358
417	0.961188
418	0.957528
419	0.953710
420	0.959936
421	0.960352
422	0.953831
423	0.957437
424	0.960478
425	0.956263
426	0.954921
427	0.961279
428	0.957647
429	0.954435
430	0.960319
431	0.959482
432	0.953809
433	0.957905
434	0.960602
435	0.956274
436	0.953880
437	0.960078
438	0.959915
439	0.954499
440	0.957335
441	0.960767
442	0.955092
443	0.955758
444	0.960562
445	0.958357
446	0.952996
447	0.957618
448	0.960337
449	0.956785
450	0.954075
451	0.958760
452	0.960480
453	0.955475
454	0.953395
455	0.959269
456	0.960091
457	0.953879
458	0.955879
459	0.960330
460	0.957946
461	0.953141
462	0.956214
463	0.960644
464	0.957335
465	0.953277
466	0.957413
467	0.960914
468	0.956059
469	0.953083
470	0.956998
471	0.960711
472	0.956355
473	0.953181
474	0.958234
475	0.960608
476	0.955069
477	0.953993
478	0.959659
479	0.960121
480	0.953709
481	0.955831
482	0.960639
483	0.957886
484	0.953264
485	0.957094
486	0.961484
487	0.955403
488	0.954195
489	0.960440
490	0.958985
491	0.954369
492	0.955689
493	0.960664
494	0.957772
495	0.953140
496	0.957750
497	0.961044
498	0.955865
499	0.954569
500	0.960696
501	0.958231
502	0.953773
503	0.956048
504	0.961425
505	0.956938
506	0.953358
507	0.957102
508	0.960861
509	0.956235
510	0.953602
511	0.959459
512	0.960106
513	0.954971
514	0.955987
515	0.960884
516	0.957357
517	0.953788
518	0.958593
519	0.960733
520	0.953792
521	0.962665
522	0.958359
523	0.954808
524	0.960026
525	0.961732
526	0.955079
527	0.957378
528	0.963258
529	0.957208
530	0.955805
531	0.962000
532	0.959991
533	0.954229
534	0.959526
535	0.962855
536	0.955448
537	0.955557
538	0.961932
539	0.959672
540	0.954438
541	0.959131
542	0.961965
543	0.956779
544	0.955846
545	0.962147
546	0.959866
547	0.954312
548	0.959429
549	0.962398
550	0.956099
551	0.956651
552	0.962124
553	0.958889
554	0.954444
555	0.960610
556	0.961896
557	0.954865
558	0.957991
559	0.962711
560	0.956414
561	0.954776
562	0.957439
563	0.962681
564	0.956979
565	0.954978
566	0.961986
567	0.959631
568	0.954208
569	0.958587
570	0.962416
571	0.955796
572	0.955794
573	0.963098
574	0.957623
575	0.953869
576	0.961043
577	0.959937
578	0.954462
579	0.955828
580	0.961202
581	0.959919
582	0.953611
583	0.958891
584	0.962607
585	0.955121
586	0.955670
587	0.961593
588	0.959821
589	0.954087
590	0.957341
591	0.962728
592	0.957132
593	0.954181
594	0.962071
595	0.959623
596	0.954399
597	0.959737
598	0.961293
599	0.955095
600	0.957713
601	0.959205
602	0.961831
603	0.954900
604	0.955495
605	0.962250
606	0.959311
607	0.953840
608	0.958143
609	0.962676
610	0.954852
611	0.956412
612	0.962435
613	0.957304
614	0.954864
615	0.961605
616	0.960197
617	0.953858
618	0.958594
619	0.961692
620	0.955743
621	0.956049
622	0.961919
623	0.959119
624	0.953757
625	0.961031
626	0.960252
627	0.954016
628	0.957030
629	0.962399
630	0.957131
631	0.954342
632	0.960707
633	0.960666
634	0.954066
635	0.957450
636	0.962786
637	0.956211
638	0.953635
639	0.959000
640	0.960390
641	0.961481
642	0.959266
643	0.953433
644	0.958379
645	0.961855
646	0.955167
647	0.955707
648	0.960987
649	0.959520
650	0.953641
651	0.959744
652	0.960983
653	0.954352
654	0.957718
655	0.962191
656	0.955736
657	0.954918
658	0.961870
659	0.958158
660	0.953733
661	0.960714
662	0.960176
663	0.954054
664	0.957830
665	0.961885
666	0.956452
667	0.954390
668	0.961006
669	0.959060
670	0.953911
671	0.958452
672	0.961912
673	0.954912
674	0.956186
675	0.962046
676	0.956494
677	0.954438
678	0.961404
679	0.959907
680	0.954127
681	0.956550
682	0.961769
683	0.957371
684	0.953080
685	0.957675
686	0.961006
687	0.955833
688	0.954776
689	0.960734
690	0.959210
691	0.953425
692	0.955803
693	0.960970
694	0.958209
695	0.953318
696	0.957468
697	0.962016
698	0.955946
699	0.953961
700	0.959551
701	0.960541
702	0.954345
703	0.955332
704	0.961420
705	0.958074
706	0.953724
707	0.959751
708	0.960349
709	0.953909
710	0.956079
711	0.961052
712	0.958238
713	0.953251
714	0.958795
715	0.961057
716	0.954583
717	0.957275
718	0.961680
719	0.955801
720	0.955093
721	0.956557
722	0.960908
723	0.956589
724	0.954679
725	0.960449
726	0.958433
727	0.953856
728	0.960032
729	0.959609
730	0.954185
731	0.956008
732	0.961050
733	0.957352
734	0.955039
735	0.961312
736	0.957731
737	0.953699
738	0.959369
739	0.960277
740	0.953717
741	0.957114
742	0.961512
743	0.955293
744	0.954993
745	0.961319
746	0.957994
747	0.953789
748	0.959218
749	0.959904
750	0.953987
751	0.955377
752	0.961337
753	0.957347
754	0.954022
755	0.960905
756	0.958801
757	0.953678
758	0.957865
759	0.961235
760	0.954211
761	0.955276
762	0.960327
763	0.957839
764	0.953145
765	0.955847
766	0.961058
767	0.956338
768	0.953724
769	0.960127
770	0.959178
771	0.953511
772	0.954475
773	0.960369
774	0.957804
775	0.953825
776	0.959323
777	0.959793
778	0.953459
779	0.955897
780	0.961228
781	0.956198
782	0.953565
783	0.958413
784	0.960137
785	0.954548
786	0.956416
787	0.961233
788	0.955803
789	0.954862
790	0.960509
791	0.958317
792	0.953453
793	0.957843
794	0.960749
795	0.955034
796	0.955200
797	0.961440
798	0.956429
799	0.954051
800	0.960027
801	0.959426
802	0.953001
803	0.957531
804	0.960748
805	0.954705
806	0.955450
807	0.961370
808	0.955966
809	0.953484
810	0.959431
811	0.958993
812	0.953264
813	0.957418
814	0.960674
815	0.954320
816	0.955326
817	0.960489
818	0.956144
819	0.953646
820	0.959146
821	0.959170
822	0.953474
823	0.955585
824	0.961831
825	0.955419
826	0.955181
827	0.960730
828	0.956891
829	0.953587
830	0.959970
831	0.959067
832	0.952911
833	0.957869
834	0.960577
835	0.954011
836	0.956675
837	0.960459
838	0.955698
839	0.953240
840	0.959454
841	0.959557
842	0.953054
843	0.954804
844	0.960232
845	0.956671
846	0.952680
847	0.957170
848	0.960035
849	0.955541
850	0.952518
851	0.957513
852	0.960025
853	0.955336
854	0.953851
855	0.960851
856	0.956819
857	0.952293
858	0.958410
859	0.960188
860	0.953598
861	0.958229
862	0.960772
863	0.953786
864	0.957583
865	0.960562
866	0.953975
867	0.955955
868	0.960745
869	0.955891
870	0.953263
871	0.960639
872	0.957943
873	0.952508
874	0.959921
875	0.958225
876	0.952974
877	0.956852
878	0.961224
879	0.954253
880	0.956658
881	0.960547
882	0.955667
883	0.952292
884	0.957293
885	0.960067
886	0.954331
887	0.952433
888	0.958911
889	0.958491
890	0.952684
891	0.954542
892	0.960381
893	0.956769
894	0.952482
895	0.956869
896	0.959564
897	0.954904
898	0.953228
899	0.959202
900	0.959413
901	0.953524
902	0.959255
903	0.959503
904	0.952666
905	0.956359
906	0.960513
907	0.955532
908	0.955844
909	0.960813
910	0.954654
911	0.956378
912	0.959891
913	0.955958
914	0.952395
915	0.957453
916	0.959564
917	0.954268
918	0.954098
919	0.959727
920	0.957117
921	0.952350
922	0.955912
923	0.959983
924	0.955444
925	0.951866
926	0.956720
927	0.959554
928	0.955587
929	0.953645
930	0.960428
931	0.956571
932	0.954591
933	0.959942
934	0.956755
935	0.952392
936	0.956997
937	0.959672
938	0.954492
939	0.952156
940	0.958286
941	0.959077
942	0.953105
943	0.953357
944	0.959521
945	0.957969
946	0.952225
947	0.955860
948	0.960483
949	0.954474
950	0.953634
951	0.959375
952	0.958121
953	0.952127
954	0.953850
955	0.959538
956	0.957492
957	0.951885
958	0.953830
959	0.959824
960	0.956108
961	0.951905
962	0.953947
963	0.959045
964	0.956873
965	0.951925
966	0.955005
967	0.960133
968	0.955111
969	0.953272
970	0.960415
971	0.955750
972	0.953758
973	0.960397
974	0.955842
975	0.952012
976	0.956606
977	0.959884
978	0.954581
979	0.952140
980	0.957944
981	0.959155
982	0.952906
983	0.953104
984	0.959175
985	0.956975
986	0.951888
987	0.956043
988	0.960233
989	0.954228
990	0.953318
991	0.958793
992	0.957752
993	0.952271
994	0.956312
995	0.960414
996	0.954151
997	0.953731
998	0.959593
999	0.956860
1000	0.952160
1001	0.956967
1002	0.959247
1003	0.953187
1004	0.953970
1005	0.959804
1006	0.955840
1007	0.952901
1008	0.958604
1009	0.957830
1010	0.952581
1011	0.953599
1012	0.959055
1013	0.956752
1014	0.951608
1015	0.956030
1016	0.959752
1017	0.953835
1018	0.953515
1019	0.959363
1020	0.956309
1021	0.952626
1022	0.958407
1023	0.957824
1024	0.952242
1025	0.957086
1026	0.958819
1027	0.953149
1028	0.954470
1029	0.960025
1030	0.954918
1031	0.952745
1032	0.959163
1033	0.956931
1034	0.952480
1035	0.958112
1036	0.958741
1037	0.952995
1038	0.955541
1039	0.959789
1040	0.953268
1041	0.952781
1042	0.958358
1043	0.957440
1044	0.951944
1045	0.955758
1046	0.959248
1047	0.953355
1048	0.954199
1049	0.959662
1050	0.954280
1051	0.952651
1052	0.958329
1053	0.957461
1054	0.951726
1055	0.956591
1056	0.958770
1057	0.953656
1058	0.954158
1059	0.959689
1060	0.955126
1061	0.952348
1062	0.957698
1063	0.958099
1064	0.952303
1065	0.955276
1066	0.959285
1067	0.953185
1068	0.953421
1069	0.958989
1070	0.956400
1071	0.951978
1072	0.956046
1073	0.959122
1074	0.953623
1075	0.953377
1076	0.959655
1077	0.955188
1078	0.951716
1079	0.957329
1080	0.957480
1081	0.953058
1082	0.953133
1083	0.958570
1084	0.956504
1085	0.951747
1086	0.957043
1087	0.958259
1088	0.952276
1089	0.952865
1090	0.958961
1091	0.956671
1092	0.952991
1093	0.960449
1094	0.954073
1095	0.956595
1096	0.958953
1097	0.951907
1098	0.953631
1099	0.960281
1100	0.952675
1101	0.952951
1102	0.959345
1103	0.955836
1104	0.951411
1105	0.956628
1106	0.958406
1107	0.953111
1108	0.952047
1109	0.958266
1110	0.956909
1111	0.951958
1112	0.959047
1113	0.957054
1114	0.951493
1115	0.956749
1116	0.958583
1117	0.952516
1118	0.958189
1119	0.957515
1120	0.951855
1121	0.955551
1122	0.958226
1123	0.953797
1124	0.953301
1125	0.958764
1126	0.955626
1127	0.952156
1128	0.957021
1129	0.957959
1130	0.952126
1131	0.954451
1132	0.958740
1133	0.954500
1134	0.951510
1135	0.958225
1136	0.957244
1137	0.953149
1138	0.958111
1139	0.956858
1140	0.951302
1141	0.956147
1142	0.958805
1143	0.952276
1144	0.952852
1145	0.958456
1146	0.955449
1147	0.953754
1148	0.959757
1149	0.954168
1150	0.951297
1151	0.957877
1152	0.957742
1153	0.951915
1154	0.957255
1155	0.957883
1156	0.952549
1157	0.955249
1158	0.958601
1159	0.953502
1160	0.956685
1161	0.958630
1162	0.952433
1163	0.956987
1164	0.958317
1165	0.952072
1166	0.956931
1167	0.958005
1168	0.952082
1169	0.954926
1170	0.959156
1171	0.952903
1172	0.955910
1173	0.959143
1174	0.951591
1175	0.953909
1176	0.958813
1177	0.953725
1178	0.953314
1179	0.958164
1180	0.955690
1181	0.951890
1182	0.955828
1183	0.958158
1184	0.952537
1185	0.953360
1186	0.959069
1187	0.954129
1188	0.950990
1189	0.955607
1190	0.957930
1191	0.953043
1192	0.954643
1193	0.959361
1194	0.952810
1195	0.956185
1196	0.958629
1197	0.952872
1198	0.955896
1199	0.958341
1200	0.951763
1201	0.956590
1202	0.957190
1203	0.951426
1204	0.955040
1205	0.958350
1206	0.952035
1207	0.957086
1208	0.957127
1209	0.951968
1210	0.958256
1211	0.955803
1212	0.951962
1213	0.958683
1214	0.954684
1215	0.952816
1216	0.958751
1217	0.954652
1218	0.952660
1219	0.958758
1220	0.954436
1221	0.952176
1222	0.956773
1223	0.956806
1224	0.952460
1225	0.956832
1226	0.956351
1227	0.951256
1228	0.955624
1229	0.957617
1230	0.953063
1231	0.953992
1232	0.957393
1233	0.955363
1234	0.950994
1235	0.954552
1236	0.958321
1237	0.952461
1238	0.951919
1239	0.958450
1240	0.953027
1241	0.953353
1242	0.958392
1243	0.953688
1244	0.954000
1245	0.958399
1246	0.952563
1247	0.952913
1248	0.958391
1249	0.953925
1250	0.951390
1251	0.956532
1252	0.957017
1253	0.952648
1254	0.956947
1255	0.956421
1256	0.951951
1257	0.958863
1258	0.954641
1259	0.951280
1260	0.958243
1261	0.955509
1262	0.951934
1263	0.955647
1264	0.957617
1265	0.952038
1266	0.952507
1267	0.959542
1268	0.953016
1269	0.951079
1270	0.956425
1271	0.956854
1272	0.951117
1273	0.953070
1274	0.957472
1275	0.954350
1276	0.951970
1277	0.957095
1278	0.956153
1279	0.952453
1280	0.957318
1281	0.956677
1282	0.951783
1283	0.958192
1284	0.955271
1285	0.951782
1286	0.957095
1287	0.955484
1288	0.951043
1289	0.955801
1290	0.957787
1291	0.951006
1292	0.956591
1293	0.956360
1294	0.951846
1295	0.958028
1296	0.955146
1297	0.952469
1298	0.957352
1299	0.954902
1300	0.950913
1301	0.954470
1302	0.957606
1303	0.953147
1304	0.954048
1305	0.957344
1306	0.953721
1307	0.952074
1308	0.957119
1309	0.955023
1310	0.950636
1311	0.954406
1312	0.957381
1313	0.952728
1314	0.951563
1315	0.957761
1316	0.954155
1317	0.952303
1318	0.958565
1319	0.953683
1320	0.953602
1321	0.957886
1322	0.953453
1323	0.953619
1324	0.957778
1325	0.952716
1326	0.953029
1327	0.958289
1328	0.952547
1329	0.952128
1330	0.957549
1331	0.954081
1332	0.950776
1333	0.955951
1334	0.955971
1335	0.951344
1336	0.952698
1337	0.957858
1338	0.953415
1339	0.950661
1340	0.954815
1341	0.957490
1342	0.951234
1343	0.952964
1344	0.957540
1345	0.953724
1346	0.953422
1347	0.957582
1348	0.953690
1349	0.953568
1350	0.958252
1351	0.953380
1352	0.953985
1353	0.957096
1354	0.952721
1355	0.951122
1356	0.957729
1357	0.954132
1358	0.951693
1359	0.956860
1360	0.954654
1361	0.951391
1362	0.957596
1363	0.954207
1364	0.952313
1365	0.957893
1366	0.952913
1367	0.953066
1368	0.957591
1369	0.953424
1370	0.951238
1371	0.956477
1372	0.954802
1373	0.951081
1374	0.957052
1375	0.954615
1376	0.951229
1377	0.957600
1378	0.954145
1379	0.951473
1380	0.958233
1381	0.953949
1382	0.950722
1383	0.957054
1384	0.955402
1385	0.951597
1386	0.956527
1387	0.954607
1388	0.950449
1389	0.953380
1390	0.957438
1391	0.952322
1392	0.952107
1393	0.958466
1394	0.952211
1395	0.952600
1396	0.958018
1397	0.952444
1398	0.954320
1399	0.957136
1400	0.951141
1401	0.952535
1402	0.956807
1403	0.953283
1404	0.951515
1405	0.957141
1406	0.952943
1407	0.951546
1408	0.956315
1409	0.954271
1410	0.950945
1411	0.955697
1412	0.955599
1413	0.950920
1414	0.954047
1415	0.956610
1416	0.951830
1417	0.951989
1418	0.957643
1419	0.954054
1420	0.951172
1421	0.957616
1422	0.953335
1423	0.952741
1424	0.957467
1425	0.952475
1426	0.953871
1427	0.956834
1428	0.951828
1429	0.953171
1430	0.957168
1431	0.951708
1432	0.952289
1433	0.957809
1434	0.952344
1435	0.953387
1436	0.957195
1437	0.951822
1438	0.952497
1439	0.957104
1440	0.952592
1441	0.951786
1442	0.956994
1443	0.953080
1444	0.951497
1445	0.956253
1446	0.953904
1447	0.951375
1448	0.956691
1449	0.953449
1450	0.952308
1451	0.956832
1452	0.953124
1453	0.951761
1454	0.956010
1455	0.953871
1456	0.951894
1457	0.956506
1458	0.953632
1459	0.951335
1460	0.957333
1461	0.952465
1462	0.951063
1463	0.956486
1464	0.953857
1465	0.952092
1466	0.956043
1467	0.953933
1468	0.951603
1469	0.957038
1470	0.953658
1471	0.951469
1472	0.956937
1473	0.953308
1474	0.951575
1475	0.957778
1476	0.952630
1477	0.953291
1478	0.956788
1479	0.952734
1480	0.953859
1481	0.956264
1482	0.951025
1483	0.953431
1484	0.956577
1485	0.950777
1486	0.952406
1487	0.957026
1488	0.951286
1489	0.953016
1490	0.956408
1491	0.951382
1492	0.953832
1493	0.956498
1494	0.951272
1495	0.953090
1496	0.956420
1497	0.950869
1498	0.953342
1499	0.956363
1500	0.950389
1501	0.954390
1502	0.955687
1503	0.950597
1504	0.954925
1505	0.955995
1506	0.950620
1507	0.955634
1508	0.955243
1509	0.950718
1510	0.955300
1511	0.954970
1512	0.951141
1513	0.956054
1514	0.954027
1515	0.950743
1516	0.956574
1517	0.953156
1518	0.951172
1519	0.956531
1520	0.952240
1521	0.951230
1522	0.955977
1523	0.953126
1524	0.951975
1525	0.956502
1526	0.951996
1527	0.953027
1528	0.956569
1529	0.951075
1530	0.954256
1531	0.955307
1532	0.951335
1533	0.954251
1534	0.954975
1535	0.950068
1536	0.952521
1537	0.956040
1538	0.952213
1539	0.954078
1540	0.956034
1541	0.950657
1542	0.952518
1543	0.956109
1544	0.950950
1545	0.952402
1546	0.956560
1547	0.951426
1548	0.953372
1549	0.956469
1550	0.951023
1551	0.954636
1552	0.955584
1553	0.950317
1554	0.954643
1555	0.954423
1556	0.949549
1557	0.953820
1558	0.955818
1559	0.950778
1560	0.956303
1561	0.954169
1562	0.950619
1563	0.955937
1564	0.952688
1565	0.949959
1566	0.956234
1567	0.953134
1568	0.951545
1569	0.955839
1570	0.952294
1571	0.951154
1572	0.956178
1573	0.952703
1574	0.950831
1575	0.956049
1576	0.952515
1577	0.950469
1578	0.955876
1579	0.951818
1580	0.951044
1581	0.955460
1582	0.953229
1583	0.949281
1584	0.953808
1585	0.955555
1586	0.949993
1587	0.953974
1588	0.956143
1589	0.950196
1590	0.955439
1591	0.954434
1592	0.950576
1593	0.955992
1594	0.953878
1595	0.950355
1596	0.955378
1597	0.953750
1598	0.949574
1599	0.953843
1600	0.954838
1601	0.950146
1602	0.952143
1603	0.956685
1604	0.950311
1605	0.952322
1606	0.955758
1607	0.951099
1608	0.953650
1609	0.956378
1610	0.949967
1611	0.954124
1612	0.955068
1613	0.949801
1614	0.954543
1615	0.955221
1616	0.949744
1617	0.955070
1618	0.954261
1619	0.949321
1620	0.954767
1621	0.954373
1622	0.949442
1623	0.955394
1624	0.953975
1625	0.949940
1626	0.956694
1627	0.952077
1628	0.950386
1629	0.956113
1630	0.951958
1631	0.950351
1632	0.955611
1633	0.953755
1634	0.949991
1635	0.954620
1636	0.954447
1637	0.949799
1638	0.954133
1639	0.955696
1640	0.950008
1641	0.954193
1642	0.954430
1643	0.949479
1644	0.951847
1645	0.955506
1646	0.951660
1647	0.950688
1648	0.955050
1649	0.951826
1650	0.951047
1651	0.955172
1652	0.952441
1653	0.949053
1654	0.954745
1655	0.954445
1656	0.949659
1657	0.953614
1658	0.954658
1659	0.950217
1660	0.954127
1661	0.954226
1662	0.949599
1663	0.953815
1664	0.954395
1665	0.949907
1666	0.954101
1667	0.954442
1668	0.950270
1669	0.955136
1670	0.952818
1671	0.949762
1672	0.954587
1673	0.953858
1674	0.949546
1675	0.954426
1676	0.954015
1677	0.949604
1678	0.953805
1679	0.954608
1680	0.949300
1681	0.951939
1682	0.954713
1683	0.950068
1684	0.950464
1685	0.954731
1686	0.952164
1687	0.950026
1688	0.954565
1689	0.952850
1690	0.950294
1691	0.955152
1692	0.952110
1693	0.950343
1694	0.955303
1695	0.951908
1696	0.951938
1697	0.955382
1698	0.950491
1699	0.953006
1700	0.955238
1701	0.950214
1702	0.952826
1703	0.954469
1704	0.949529
1705	0.952905
1706	0.954728
1707	0.949578
1708	0.952177
1709	0.955078
1710	0.950108
1711	0.953008
1712	0.954327
1713	0.949524
1714	0.952706
1715	0.954980
1716	0.949886
1717	0.952745
1718	0.954325
1719	0.949542
1720	0.952656
1721	0.954563
1722	0.949621
1723	0.950811
1724	0.954800
1725	0.950833
1726	0.950245
1727	0.954560
1728	0.951764
1729	0.950092
1730	0.954553
1731	0.952859
1732	0.949382
1733	0.953589
1734	0.953076
1735	0.948951
1736	0.952937
1737	0.954817
1738	0.950177
1739	0.953128
1740	0.954213
1741	0.949338
1742	0.951174
1743	0.954989
1744	0.950010
1745	0.952650
1746	0.954989
1747	0.949938
1748	0.951628
1749	0.955398
1750	0.950158
1751	0.952639
1752	0.954502
1753	0.949179
1754	0.952799
1755	0.954755
1756	0.949499
1757	0.952909
1758	0.954149
1759	0.949716
1760	0.954592
1761	0.953193
1762	0.948572
1763	0.952915
1764	0.954520
1765	0.949649
1766	0.954513
1767	0.952552
1768	0.948878
1769	0.954497
1770	0.952856
1771	0.949189
1772	0.954722
1773	0.952291
1774	0.948454
1775	0.953776
1776	0.953602
1777	0.948948
1778	0.954334
1779	0.952749
1780	0.949019
1781	0.955182
1782	0.952394
1783	0.949509
1784	0.955125
1785	0.951501
1786	0.950270
1787	0.955897
1788	0.950428
1789	0.950742
1790	0.955436
1791	0.950073
1792	0.951814
1793	0.954803
1794	0.949492
1795	0.950394
1796	0.954584
1797	0.950989
1798	0.950346
1799	0.955588
1800	0.949888
1801	0.949984
1802	0.954609
1803	0.950856
1804	0.949681
1805	0.954711
1806	0.951016
1807	0.950815
1808	0.954953
1809	0.949817
1810	0.951718
1811	0.954259
1812	0.949491
1813	0.951154
1814	0.954357
1815	0.949482
1816	0.952086
1817	0.954118
1818	0.949348
1819	0.949593
1820	0.953923
1821	0.951696
1822	0.949007
1823	0.954477
1824	0.952224
1825	0.950148
1826	0.954448
1827	0.951111
1828	0.948955
1829	0.953733
1830	0.952604
1831	0.949100
1832	0.954663
1833	0.951356
1834	0.950370
1835	0.955326
1836	0.950387
1837	0.952166
1838	0.954528
1839	0.949066
1840	0.953326
1841	0.953427
1842	0.948040
1843	0.950708
1844	0.954103
1845	0.949275
1846	0.950341
1847	0.954712
1848	0.949358
1849	0.949910
1850	0.955112
1851	0.949907
1852	0.949326
1853	0.954043
1854	0.951128
1855	0.950287
1856	0.955290
1857	0.949810
1858	0.952059
1859	0.954243
1860	0.948769
1861	0.952016
1862	0.953833
1863	0.948467
1864	0.950236
1865	0.954199
1866	0.950017
1867	0.951010
1868	0.954982
1869	0.949569
1870	0.951318
1871	0.954740
1872	0.948597
1873	0.950042
1874	0.954480
1875	0.950131
1876	0.950612
1877	0.954576
1878	0.949804
1879	0.951446
1880	0.954161
1881	0.948625
1882	0.952082
1883	0.953806
1884	0.948449
1885	0.953260
1886	0.952883
1887	0.948319
1888	0.953070
1889	0.953595
1890	0.948535
1891	0.955001
1892	0.951270
1893	0.949924
1894	0.955086
1895	0.949733
1896	0.951472
1897	0.954020
1898	0.948116
1899	0.950661
1900	0.954674
1901	0.949302
1902	0.949272
1903	0.955650
1904	0.950007
1905	0.951641
1906	0.954239
1907	0.949023
1908	0.952236
1909	0.953922
1910	0.947900
1911	0.951700
1912	0.954027
1913	0.948824
1914	0.949957
1915	0.955171
1916	0.949385
1917	0.950111
1918	0.954739
1919	0.948735
1920	0.950487
1921	0.953615
1922	0.950067
1923	0.948166
1924	0.953820
1925	0.951074
1926	0.948245
1927	0.953045
1928	0.952114
1929	0.947624
1930	0.954195
1931	0.952016
1932	0.948397
1933	0.954075
1934	0.951235
1935	0.949472
1936	0.954753
1937	0.949433
1938	0.950690
1939	0.954527
1940	0.948606
1941	0.949815
1942	0.954808
1943	0.949686
1944	0.951527
1945	0.953713
1946	0.948363
1947	0.949109
1948	0.954312
1949	0.949674
1950	0.949983
1951	0.954650
1952	0.949188
1953	0.952204
1954	0.953508
1955	0.947488
1956	0.953257
1957	0.952698
1958	0.948219
1959	0.952785
1960	0.951595
1961	0.947680
1962	0.953193
1963	0.951826
1964	0.947499
1965	0.952825
1966	0.952019
1967	0.947488
1968	0.953183
1969	0.951839
1970	0.946932
1971	0.951664
1972	0.952454
1973	0.947485
1974	0.950940
1975	0.953823
1976	0.948388
1977	0.950001
1978	0.954300
1979	0.948906
1980	0.950877
1981	0.953989
1982	0.947836
1983	0.953377
1984	0.952402
1985	0.948067
1986	0.955112
1987	0.950544
1988	0.950449
1989	0.954235
1990	0.948162
1991	0.949374
1992	0.953910
1993	0.948940
1994	0.948294
1995	0.954074
1996	0.950758
1997	0.948900
1998	0.953861
1999	0.950775
2000	0.947800
2001	0.953020
2002	0.950959
2003	0.948432
2004	0.954250
2005	0.950527
2006	0.947357
2007	0.953024
2008	0.951266
2009	0.947777
2010	0.953631
2011	0.951364
2012	0.947966
2013	0.952995
2014	0.951003
2015	0.947393
2016	0.952923
2017	0.951999
2018	0.946896
2019	0.951793
2020	0.952259
2021	0.947601
2022	0.949862
2023	0.953766
2024	0.948275
2025	0.953561
2026	0.952109
2027	0.947779
2028	0.952352
2029	0.952198
2030	0.946988
2031	0.950975
2032	0.953208
2033	0.948196
2034	0.950703
2035	0.953285
2036	0.948447
2037	0.950995
2038	0.953753
2039	0.948786
2040	0.953566
2041	0.951547
2042	0.949071
2043	0.954807
2044	0.948480
2045	0.951073
2046	0.953947
2047	0.948236
2048	0.953699
2049	0.950052
2050	0.947716
2051	0.953634
2052	0.950495
2053	0.947948
2054	0.954051
2055	0.950381
2056	0.949937
2057	0.954051
2058	0.947946
2059	0.951282
2060	0.953143
2061	0.947618
2062	0.951930
2063	0.952898
2064	0.947364
2065	0.950891
2066	0.952360
2067	0.946957
2068	0.950270
2069	0.953186
2070	0.947620
2071	0.949443
2072	0.953977
2073	0.947925
2074	0.949395
2075	0.953516
2076	0.948383
2077	0.952284
2078	0.953012
2079	0.947796
2080	0.954147
2081	0.950285
2082	0.948305
2083	0.953926
2084	0.948864
2085	0.948393
2086	0.953923
2087	0.948840
2088	0.950007
2089	0.954359
2090	0.947703
2091	0.953027
2092	0.951213
2093	0.947547
2094	0.954468
2095	0.948278
2096	0.950701
2097	0.954169
2098	0.947035
2099	0.951800
2100	0.952404
2101	0.947064
2102	0.951359
2103	0.952602
2104	0.947057
2105	0.953035
2106	0.951396
2107	0.947312
2108	0.952868
2109	0.951270
2110	0.947679
2111	0.952913
2112	0.949636
2113	0.944982
2114	0.945983
2115	0.950381
2116	0.952530
2117	0.948179
2118	0.944562
2119	0.947384
2120	0.951491
2121	0.949923
2122	0.945854
2123	0.943924
2124	0.946829
2125	0.951169
2126	0.950426
2127	0.946352
2128	0.944253
2129	0.946981
2130	0.951090
2131	0.950146
2132	0.945832
2133	0.944485
2134	0.948255
2135	0.951628
2136	0.949202
2137	0.944968
2138	0.945321
2139	0.949540
2140	0.951381
2141	0.948082
2142	0.944402
2143	0.945359
2144	0.949620
2145	0.950979
2146	0.948416
2147	0.944532
2148	0.945111
2149	0.949814
2150	0.951124
2151	0.948158
2152	0.944467
2153	0.945844
2154	0.950110
2155	0.951140
2156	0.947303
2157	0.944127
2158	0.945649
2159	0.949369
2160	0.950910
2161	0.948919
2162	0.944422
2163	0.944475
2164	0.948315
2165	0.951166
2166	0.949337
2167	0.944744
2168	0.944557
2169	0.948605
2170	0.951148
2171	0.949204
2172	0.944555
2173	0.944673
2174	0.949251
2175	0.951420
2176	0.947677
2177	0.943789
2178	0.946270
2179	0.951032
2180	0.950323
2181	0.945524
2182	0.944271
2183	0.948341
2184	0.951311
2185	0.948914
2186	0.944517
2187	0.944737
2188	0.948620
2189	0.951122
2190	0.948495
2191	0.944225
2192	0.944651
2193	0.948892
2194	0.951688
2195	0.948420
2196	0.944133
2197	0.945206
2198	0.949797
2199	0.951474
2200	0.945903
2201	0.943476
2202	0.945785
2203	0.950398
2204	0.950458
2205	0.946122
2206	0.943288
2207	0.945830
2208	0.949817
2209	0.950697
2210	0.946949
2211	0.943625
2212	0.945239
2213	0.949715
2214	0.950563
2215	0.946386
2216	0.943458
2217	0.946190
2218	0.950540
2219	0.950199
2220	0.945619
2221	0.943470
2222	0.946919
2223	0.951008
2224	0.949193
2225	0.944564
2226	0.944115
2227	0.948172
2228	0.951068
2229	0.948306
2230	0.944225
2231	0.944466
2232	0.949366
2233	0.951152
2234	0.947350
2235	0.943291
2236	0.945168
2237	0.949666
2238	0.950738
2239	0.947046
2240	0.943650
2241	0.947129
2242	0.951422
2243	0.948696
2244	0.944648
2245	0.948792
2246	0.951407
2247	0.946786
2248	0.943781
2249	0.947485
2250	0.951095
2251	0.947913
2252	0.943937
2253	0.946686
2254	0.950636
2255	0.948490
2256	0.943821
2257	0.945924
2258	0.950929
2259	0.949375
2260	0.944414
2261	0.945671
2262	0.950458
2263	0.949490
2264	0.944795
2265	0.944799
2266	0.950594
2267	0.950399
2268	0.944929
2269	0.946168
2270	0.950797
2271	0.949340
2272	0.944332
2273	0.945141
2274	0.950656
2275	0.950733
2276	0.944724
2277	0.945657
2278	0.949913
2279	0.950269
2280	0.945585
2281	0.943473
2282	0.945781
2283	0.949655
2284	0.949865
2285	0.945123
2286	0.943513
2287	0.947387
2288	0.950376
2289	0.947673
2290	0.943778
2291	0.945660
2292	0.950917
2293	0.948518
2294	0.944305
2295	0.945818
2296	0.949988
2297	0.949583
2298	0.944853
2299	0.945380
2300	0.950391
2301	0.949810
2302	0.944846
2303	0.947398
2304	0.951223
2305	0.947302
2306	0.943921
2307	0.947249
2308	0.951108
2309	0.947312
2310	0.944661
2311	0.948602
2312	0.950783
2313	0.946728
2314	0.943853
2315	0.948647
2316	0.951485
2317	0.945909
2318	0.945497
2319	0.949934
2320	0.949216
2321	0.945216
2322	0.943663
2323	0.948627
2324	0.950730
2325	0.945563
2326	0.943628
2327	0.947632
2328	0.950366
2329	0.947373
2330	0.943357
2331	0.945031
2332	0.949557
2333	0.949493
2334	0.944596
2335	0.944645
2336	0.950044
2337	0.949902
2338	0.944453
2339	0.944814
2340	0.949884
2341	0.949668
2342	0.944442
2343	0.944093
2344	0.949127
2345	0.950282
2346	0.945397
2347	0.944272
2348	0.949008
2349	0.950454
2350	0.945439
2351	0.943634
2352	0.947639
2353	0.950963
2354	0.946823
2355	0.944649
2356	0.949590
2357	0.950635
2358	0.945730
2359	0.942916
2360	0.947910
2361	0.950824
2362	0.946438
2363	0.943734
2364	0.948301
2365	0.950298
2366	0.945696
2367	0.943855
2368	0.948719
2369	0.950570
2370	0.945610
2371	0.943150
2372	0.948532
2373	0.950340
2374	0.945742
2375	0.944254
2376	0.949687
2377	0.949624
2378	0.944065
2379	0.943316
2380	0.949021
2381	0.949890
2382	0.945036
2383	0.943857
2384	0.948124
2385	0.950550
2386	0.945983
2387	0.943681
2388	0.948774
2389	0.951039
2390	0.945162
2391	0.944001
2392	0.948485
2393	0.949982
2394	0.946216
2395	0.942980
2396	0.946304
2397	0.950535
2398	0.947677
2399	0.943224
2400	0.945199
2401	0.948524
2402	0.949567
2403	0.945034
2404	0.942533
2405	0.946466
2406	0.949981
2407	0.947170
2408	0.942979
2409	0.945512
2410	0.950247
2411	0.947802
2412	0.943442
2413	0.945256
2414	0.950473
2415	0.947866
2416	0.942865
2417	0.944578
2418	0.949002
2419	0.949081
2420	0.944352
2421	0.942775
2422	0.947274
2423	0.950435
2424	0.946116
2425	0.942835
2426	0.946417
2427	0.950536
2428	0.947089
2429	0.943951
2430	0.946394
2431	0.950602
2432	0.946907
2433	0.942956
2434	0.947535
2435	0.950494
2436	0.944447
2437	0.944985
2438	0.950248
2439	0.948668
2440	0.943918
2441	0.946405
2442	0.950191
2443	0.946407
2444	0.943333
2445	0.947508
2446	0.950547
2447	0.944953
2448	0.944260
2449	0.949133
2450	0.949040
2451	0.943797
2452	0.946279
2453	0.950138
2454	0.946754
2455	0.943241
2456	0.946124
2457	0.949938
2458	0.946490
2459	0.943056
2460	0.946069
2461	0.949654
2462	0.947022
2463	0.942824
2464	0.945198
2465	0.950162
2466	0.947624
2467	0.943148
2468	0.944480
2469	0.948440
2470	0.948572
2471	0.944650
2472	0.942390
2473	0.945448
2474	0.948968
2475	0.948372
2476	0.943568
2477	0.942952
2478	0.946555
2479	0.949680
2480	0.945492
2481	0.942649
2482	0.944615
2483	0.948547
2484	0.948186
2485	0.943927
2486	0.942531
2487	0.945796
2488	0.948849
2489	0.946911
2490	0.943198
2491	0.944184
2492	0.948878
2493	0.947988
2494	0.943528
2495	0.943373
2496	0.947369
2497	0.949141
2498	0.945038
2499	0.942603
2500	0.946260
2501	0.949883
2502	0.945546
2503	0.943179
2504	0.947303
2505	0.949613
2506	0.945076
2507	0.943476
2508	0.947284
2509	0.949505
2510	0.944928
2511	0.942324
2512	0.944930
2513	0.948759
2514	0.947737
2515	0.943688
2516	0.942795
2517	0.947681
2518	0.949195
2519	0.945573
2520	0.942783
2521	0.946268
2522	0.949266
2523	0.945688
2524	0.943685
2525	0.948122
2526	0.948012
2527	0.944381
2528	0.942496
2529	0.945397
2530	0.949037
2531	0.946888
2532	0.943317
2533	0.946955
2534	0.948669
2535	0.945468
2536	0.942858
2537	0.946797
2538	0.949013
2539	0.944772
2540	0.943134
2541	0.946415
2542	0.948801
2543	0.945709
2544	0.942628
2545	0.945129
2546	0.948705
2547	0.947135
2548	0.942712
2549	0.944538
2550	0.948790
2551	0.947617
2552	0.943378
2553	0.943335
2554	0.947861
2555	0.948399
2556	0.944913
2557	0.945177
2558	0.949045
2559	0.946991
2560	0.942742
