0	1.440921
1	1.427822
2	1.426331
3	1.426045
4	1.414934
5	1.425415
6	1.422443
7	1.412141
8	1.413787
9	1.427879
10	1.432557
11	1.426348
12	1.416240
13	1.426299
14	1.437548
15	1.438574
16	1.428627
17	1.430341
18	1.430247
19	1.420754
20	1.412684
21	1.422753
22	1.422759
23	1.416634
24	1.402719
25	1.417665
26	1.440278
27	1.429069
28	1.436988
29	1.434060
30	1.427530
31	1.428308
32	1.424918
33	1.432640
34	1.424623
35	1.416203
36	1.397592
37	1.408307
38	1.418691
39	1.415884
40	1.433326
41	1.420434
42	1.436888
43	1.427835
44	1.427474
45	1.448493
46	1.437822
47	1.443553
48	1.432983
49	1.422446
50	1.416729
51	1.411095
52	1.432133
53	1.424574
54	1.436815
55	1.408621
56	1.416166
57	1.413540
58	1.435591
59	1.425904
60	1.423969
61	1.431428
62	1.420857
63	1.420920
64	1.429295
65	1.427600
66	1.437802
67	1.413102
68	1.419119
69	1.424263
70	1.438025
71	1.437460
72	1.418658
73	1.431793
74	1.418953
75	1.426807
76	1.419175
77	1.415090
78	1.424701
79	1.400716
80	1.423513
81	1.432971
82	1.425792
83	1.426794
84	1.418784
85	1.434222
86	1.422634
87	1.429116
88	1.414079
89	1.424994
90	1.414533
91	1.409765
92	1.427057
93	1.419174
94	1.434983
95	1.418878
96	1.419498
97	1.425474
98	1.431929
99	1.442804
100	1.431196
101	1.440923
102	1.426819
103	1.417564
104	1.416051
105	1.434358
106	1.440295
107	1.423340
108	1.424464
109	1.404806
110	1.427256
111	1.427568
112	1.434301
113	1.430991
114	1.429390
115	1.436027
116	1.423224
117	1.422838
118	1.421615
119	1.436006
120	1.428021
121	1.414262
122	1.420143
123	1.419916
124	1.431437
125	1.434456
126	1.428717
127	1.438300
128	1.417287
129	1.411322
130	1.414707
131	1.428653
132	1.421341
133	1.412247
134	1.413136
135	1.417832
136	1.434141
137	1.425770
138	1.443932
139	1.432605
140	1.432645
141	1.429426
142	1.431098
143	1.447584
144	1.430603
145	1.437966
146	1.408453
147	1.421522
148	1.415565
149	1.408302
150	1.428282
151	1.410491
152	1.426790
153	1.410373
154	1.438037
155	1.439877
156	1.445073
157	1.433567
158	1.424729
159	1.444421
160	1.425532
161	1.433972
162	1.415776
163	1.431543
164	1.421691
165	1.401133
166	1.418144
167	1.417415
168	1.440838
169	1.421211
170	1.427783
171	1.446525
172	1.435408
173	1.448311
174	1.427369
175	1.445205
176	1.431642
177	1.414610
178	1.423931
179	1.403570
180	1.429117
181	1.397627
182	1.424975
183	1.421935
184	1.441137
185	1.438657
186	1.423360
187	1.459784
188	1.446215
189	1.447065
190	1.425828
191	1.424774
192	1.437802
193	1.404943
194	1.427928
195	1.404654
196	1.422758
197	1.433622
198	1.409661
199	1.434964
200	1.428336
201	1.441802
202	1.419343
203	1.433965
204	1.423982
205	1.417619
206	1.423548
207	1.422761
208	1.447425
209	1.414443
210	1.425154
211	1.409216
212	1.421889
213	1.427376
214	1.423085
215	1.429727
216	1.413556
217	1.429267
218	1.419480
219	1.444760
220	1.442037
221	1.437701
222	1.428065
223	1.418308
224	1.438561
225	1.422657
226	1.432744
227	1.424072
228	1.405912
229	1.409149
230	1.405956
231	1.433441
232	1.420839
233	1.435546
234	1.420576
235	1.431276
236	1.449557
237	1.441188
238	1.454777
239	1.416597
240	1.426559
241	1.410547
242	1.417318
243	1.422679
244	1.408954
245	1.416415
246	1.395976
247	1.410169
248	1.422935
249	1.426718
250	1.443767
251	1.428317
252	1.446075
253	1.425371
254	1.444075
255	1.437729
256	1.424748
257	1.433006
258	1.403382
259	1.417690
260	1.405100
261	1.416898
262	1.425367
263	1.420577
264	1.433244
265	1.417893
266	1.439702
267	1.435687
268	1.437556
269	1.439775
270	1.430042
271	1.431619
272	1.417704
273	1.428238
274	1.416040
275	1.421810
276	1.418809
277	1.408210
278	1.418383
279	1.406527
280	1.425990
281	1.423005
282	1.440683
283	1.440707
284	1.419651
285	1.436674
286	1.414107
287	1.441292
288	1.420794
289	1.424638
290	1.417093
291	1.420522
292	1.431362
293	1.413357
294	1.434134
295	1.414782
296	1.444654
297	1.420199
298	1.429506
299	1.414767
300	1.420265
301	1.425140
302	1.409542
303	1.433225
304	1.427549
305	1.438958
306	1.409353
307	1.425808
308	1.438789
309	1.426940
310	1.438981
311	1.407347
312	1.439509
313	1.418504
314	1.425913
315	1.420005
316	1.415745
317	1.434354
318	1.414053
319	1.433191
320	1.416390
321	1.431118
322	1.423605
323	1.425380
324	1.441344
325	1.424233
326	1.435198
327	1.413567
328	1.429641
329	1.419107
330	1.410332
331	1.421307
332	1.414268
333	1.422805
334	1.414802
335	1.431678
336	1.416011
337	1.428893
338	1.431720
339	1.420002
340	1.442688
341	1.431573
342	1.449004
343	1.416791
344	1.438802
345	1.430534
346	1.429644
347	1.429196
348	1.408369
349	1.420801
350	1.396861
351	1.415968
352	1.405214
353	1.428996
354	1.422291
355	1.432785
356	1.440848
357	1.429726
358	1.436108
359	1.436492
360	1.439338
361	1.427171
362	1.416280
363	1.420555
364	1.412935
365	1.426845
366	1.426822
367	1.438260
368	1.437887
369	1.433786
370	1.417164
371	1.408458
372	1.420996
373	1.426870
374	1.427339
375	1.413866
376	1.417646
377	1.422257
378	1.436372
379	1.430257
380	1.426623
381	1.430879
382	1.440407
383	1.429885
384	1.416593
385	1.420605
386	1.434583
387	1.438043
388	1.430409
389	1.427749
390	1.432995
391	1.433774
392	1.432397
393	1.417231
394	1.426582
395	1.422648
396	1.414255
397	1.410600
398	1.414429
399	1.431974
400	1.440093
401	1.442166
402	1.429830
403	1.428893
404	1.426296
405	1.428886
406	1.426703
407	1.431641
408	1.425359
409	1.422703
410	1.421226
411	1.410943
412	1.417875
413	1.418520
414	1.431876
415	1.421870
416	1.415817
417	1.408986
418	1.423715
419	1.428982
420	1.437260
421	1.418106
422	1.419216
423	1.421176
424	1.419438
425	1.432861
426	1.417863
427	1.429451
428	1.414248
429	1.428992
430	1.405509
431	1.421467
432	1.414899
433	1.433821
434	1.444236
435	1.429189
436	1.435658
437	1.417613
438	1.432402
439	1.425264
440	1.418466
441	1.427059
442	1.409476
443	1.412513
444	1.410831
445	1.436475
446	1.442959
447	1.441103
448	1.426241
449	1.422439
450	1.442874
451	1.427585
452	1.438607
453	1.416631
454	1.437003
455	1.423268
456	1.407935
457	1.413184
458	1.415244
459	1.435375
460	1.409207
461	1.428979
462	1.427270
463	1.429835
464	1.438114
465	1.434707
466	1.456069
467	1.422213
468	1.425354
469	1.421014
470	1.426055
471	1.436981
472	1.407538
473	1.414304
474	1.393007
475	1.427476
476	1.409179
477	1.429888
478	1.430647
479	1.429546
480	1.449520
481	1.420730
482	1.438388
483	1.415767
484	1.438773
485	1.421986
486	1.416348
487	1.417231
488	1.409525
489	1.421449
490	1.400941
491	1.425608
492	1.423270
493	1.430042
494	1.420235
495	1.411287
496	1.437895
497	1.421843
498	1.450846
499	1.421605
500	1.437096
501	1.425234
502	1.409945
503	1.434357
504	1.418993
505	1.436198
506	1.412162
507	1.430550
508	1.428402
509	1.418608
510	1.437108
511	1.410150
512	1.441245
513	1.428853
514	1.425594
515	1.426045
516	1.423583
517	1.430727
518	1.412560
519	1.423193
520	1.414690
521	1.424730
522	1.418854
523	1.434007
524	1.443238
525	1.452793
526	1.422091
527	1.415390
528	1.431024
529	1.437397
530	1.443092
531	1.419188
532	1.443438
533	1.434898
534	1.445146
535	1.427600
536	1.418377
537	1.444665
538	1.441573
539	1.453053
540	1.422237
541	1.426527
542	1.448127
543	1.420181
544	1.437062
545	1.420915
546	1.451412
547	1.441234
548	1.425904
549	1.422897
550	1.418662
551	1.452918
552	1.447718
553	1.431596
554	1.429358
555	1.428026
556	1.442140
557	1.411437
558	1.435381
559	1.445453
560	1.448608
561	1.433072
562	1.419742
563	1.429447
564	1.416736
565	1.445554
566	1.438710
567	1.430004
568	1.440140
569	1.424747
570	1.434433
571	1.411339
572	1.426597
573	1.442982
574	1.437116
575	1.445891
576	1.418604
577	1.442711
578	1.423331
579	1.433302
580	1.418651
581	1.430695
582	1.442801
583	1.441061
584	1.433008
585	1.406757
586	1.437585
587	1.432485
588	1.437140
589	1.424688
590	1.428625
591	1.444921
592	1.424842
593	1.425559
594	1.412808
595	1.442851
596	1.446955
597	1.431581
598	1.420019
599	1.435874
600	1.440041
601	1.421799
602	1.430707
603	1.435944
604	1.447847
605	1.451363
606	1.407779
607	1.442860
608	1.431182
609	1.446210
610	1.422357
611	1.410801
612	1.448633
613	1.432708
614	1.448765
615	1.407689
616	1.427155
617	1.430378
618	1.430351
619	1.445695
620	1.417904
621	1.448982
622	1.440168
623	1.428921
624	1.442380
625	1.413632
626	1.437818
627	1.423556
628	1.435272
629	1.445547
630	1.433132
631	1.448494
632	1.422274
633	1.431054
634	1.423012
635	1.415393
636	1.435679
637	1.426075
638	1.460775
639	1.428604
640	1.436223
641	1.428476
642	1.448906
643	1.425489
644	1.440701
645	1.418790
646	1.439214
647	1.415853
648	1.415919
649	1.433262
650	1.427949
651	1.445509
652	1.413761
653	1.430835
654	1.438686
655	1.424806
656	1.437840
657	1.415060
658	1.440881
659	1.435109
660	1.413199
661	1.443260
662	1.414613
663	1.442893
664	1.417599
665	1.436406
666	1.434972
667	1.423932
668	1.428283
669	1.406862
670	1.444690
671	1.421010
672	1.417697
673	1.438408
674	1.416527
675	1.445698
676	1.422429
677	1.435690
678	1.429686
679	1.407027
680	1.446028
681	1.413727
682	1.432900
683	1.445565
684	1.432960
685	1.428423
686	1.422976
687	1.435817
688	1.433757
689	1.424503
690	1.425007
691	1.409240
692	1.421876
693	1.423635
694	1.432520
695	1.440249
696	1.418052
697	1.429017
698	1.428985
699	1.445332
700	1.442305
701	1.417960
702	1.428502
703	1.425334
704	1.423820
705	1.416575
706	1.412222
707	1.417698
708	1.413643
709	1.431417
710	1.440499
711	1.437305
712	1.422664
713	1.415288
714	1.429696
715	1.443498
716	1.431933
717	1.422157
718	1.413132
719	1.436876
720	1.439207
721	1.428388
722	1.425735
723	1.415501
724	1.432414
725	1.415886
726	1.443900
727	1.411174
728	1.430352
729	1.416442
730	1.435858
731	1.431798
732	1.422516
733	1.435864
734	1.413632
735	1.432135
736	1.415378
737	1.445820
738	1.433253
739	1.430821
740	1.436332
741	1.414167
742	1.432626
743	1.419500
744	1.437580
745	1.424808
746	1.431729
747	1.419613
748	1.409768
749	1.432986
750	1.418951
751	1.440439
752	1.411931
753	1.429515
754	1.413275
755	1.425113
756	1.427073
757	1.415154
758	1.427108
759	1.405319
760	1.414018
761	1.408396
762	1.417339
763	1.426244
764	1.423622
765	1.433114
766	1.421166
767	1.426710
768	1.422361
769	1.432944
770	1.425315
771	1.421790
772	1.426291
773	1.419014
774	1.435008
775	1.421003
776	1.419520
777	1.412518
778	1.417735
779	1.418480
780	1.409488
781	1.416262
782	1.404882
783	1.423848
784	1.400284
785	1.415699
786	1.426252
787	1.416355
788	1.441886
789	1.415624
790	1.435307
791	1.426356
792	1.426260
793	1.432464
794	1.428863
795	1.441248
796	1.416305
797	1.443824
798	1.415482
799	1.439520
800	1.419733
801	1.417912
802	1.419132
803	1.413131
804	1.420517
805	1.394362
806	1.417113
807	1.406426
808	1.421129
809	1.395566
810	1.412630
811	1.412897
812	1.416810
813	1.417435
814	1.405404
815	1.427555
816	1.408203
817	1.429346
818	1.414972
819	1.429518
820	1.432661
821	1.428765
822	1.443529
823	1.417478
824	1.444167
825	1.423194
826	1.421362
827	1.423547
828	1.426662
829	1.432708
830	1.408049
831	1.423654
832	1.399284
833	1.429164
834	1.400138
835	1.410100
836	1.410901
837	1.407483
838	1.409651
839	1.401442
840	1.427405
841	1.401312
842	1.425423
843	1.419773
844	1.413424
845	1.432485
846	1.396783
847	1.428823
848	1.411328
849	1.433202
850	1.411836
851	1.435807
852	1.426555
853	1.431588
854	1.434160
855	1.421061
856	1.439350
857	1.420256
858	1.431075
859	1.412516
860	1.427484
861	1.414756
862	1.418712
863	1.411219
864	1.419063
865	1.420109
866	1.417268
867	1.420757
868	1.413773
869	1.417446
870	1.398939
871	1.418331
872	1.409394
873	1.415450
874	1.412300
875	1.420991
876	1.436484
877	1.439054
878	1.432121
879	1.445487
880	1.432299
881	1.429038
882	1.431630
883	1.424537
884	1.422888
885	1.400760
886	1.408384
887	1.404418
888	1.405183
889	1.421337
890	1.404553
891	1.420080
892	1.411355
893	1.410152
894	1.415713
895	1.405622
896	1.419165
897	1.414185
898	1.420113
899	1.435413
900	1.432621
901	1.451080
902	1.431239
903	1.450004
904	1.428988
905	1.430180
906	1.423983
907	1.412045
908	1.410696
909	1.397886
910	1.398136
911	1.413606
912	1.417928
913	1.424952
914	1.427833
915	1.421287
916	1.427499
917	1.417835
918	1.416188
919	1.405625
920	1.421520
921	1.422323
922	1.421628
923	1.419482
924	1.412588
925	1.416438
926	1.405548
927	1.406582
928	1.408432
929	1.409575
930	1.421073
931	1.426212
932	1.428085
933	1.444441
934	1.434835
935	1.430408
936	1.434343
937	1.411526
938	1.400126
939	1.400695
940	1.389022
941	1.395699
942	1.407853
943	1.412087
944	1.425661
945	1.443815
946	1.439029
947	1.436703
948	1.443808
949	1.431434
950	1.425896
951	1.419591
952	1.396618
953	1.405362
954	1.393578
955	1.415121
956	1.423670
957	1.420417
958	1.437713
959	1.433902
960	1.423579
961	1.407932
962	1.394360
963	1.396716
964	1.424605
965	1.431810
966	1.417943
967	1.414949
968	1.395360
969	1.406513
970	1.440455
971	1.423284
972	1.431530
973	1.401380
974	1.398165
975	1.437421
976	1.428491
977	1.422477
978	1.408804
979	1.399258
980	1.425525
981	1.428158
982	1.425167
983	1.420990
984	1.397332
985	1.407429
986	1.426282
987	1.430463
988	1.424670
989	1.402083
990	1.415854
991	1.417282
992	1.434817
993	1.422086
994	1.421973
995	1.413519
996	1.402012
997	1.419540
998	1.435053
999	1.422064
1000	1.414998
1001	1.411807
1002	1.418357
1003	1.396108
1004	1.426090
1005	1.427081
1006	1.401690
1007	1.432722
1008	1.409882
1009	1.408820
1010	1.430945
1011	1.403226
1012	1.422935
1013	1.400833
1014	1.412409
1015	1.422183
1016	1.422536
1017	1.428383
1018	1.412638
1019	1.427525
1020	1.403691
1021	1.405457
1022	1.416284
1023	1.410594
1024	1.433906
1025	1.404988
1026	1.403649
1027	1.435808
1028	1.414377
1029	1.411080
1030	1.419521
1031	1.397423
1032	1.420677
1033	1.421332
1034	1.400198
1035	1.422708
1036	1.420440
1037	1.400142
1038	1.425744
1039	1.403157
1040	1.429278
1041	1.401349
1042	1.411560
1043	1.404886
1044	1.395837
1045	1.417992
1046	1.419911
1047	1.427950
1048	1.416878
1049	1.411632
1050	1.418388
1051	1.393977
1052	1.415552
1053	1.409042
1054	1.401062
1055	1.436145
1056	1.430535
1057	1.418432
1058	1.424731
1059	1.425557
1060	1.412189
1061	1.409708
1062	1.413776
1063	1.415820
1064	1.405307
1065	1.413706
1066	1.432382
1067	1.427704
1068	1.419801
1069	1.438149
1070	1.437141
1071	1.407366
1072	1.402350
1073	1.402341
1074	1.399522
1075	1.398819
1076	1.410077
1077	1.410324
1078	1.430657
1079	1.438359
1080	1.412698
1081	1.419886
1082	1.398265
1083	1.396100
1084	1.413059
1085	1.387811
1086	1.405329
1087	1.408138
1088	1.405013
1089	1.421635
1090	1.426271
1091	1.411098
1092	1.425890
1093	1.419578
1094	1.394894
1095	1.409443
1096	1.394637
1097	1.398681
1098	1.411025
1099	1.387190
1100	1.421486
1101	1.422649
1102	1.408503
1103	1.429998
1104	1.407475
1105	1.410045
1106	1.422043
1107	1.397150
1108	1.421025
1109	1.409186
1110	1.402328
1111	1.445640
1112	1.434681
1113	1.432603
1114	1.445445
1115	1.408766
1116	1.405872
1117	1.404219
1118	1.390170
1119	1.420832
1120	1.411839
1121	1.429012
1122	1.439994
1123	1.433961
1124	1.424937
1125	1.411716
1126	1.408168
1127	1.392765
1128	1.402081
1129	1.407063
1130	1.415413
1131	1.423113
1132	1.418133
1133	1.418382
1134	1.424469
1135	1.407354
1136	1.384953
1137	1.390889
1138	1.389473
1139	1.380281
1140	1.403051
1141	1.430883
1142	1.420521
1143	1.432605
1144	1.417168
1145	1.409867
1146	1.416765
1147	1.392323
1148	1.406114
1149	1.403910
1150	1.399781
1151	1.404269
1152	1.390675
1153	1.409754
1154	1.426767
1155	1.404152
1156	1.421393
1157	1.419942
1158	1.405128
1159	1.420008
1160	1.408422
1161	1.418589
1162	1.409786
1163	1.409933
1164	1.410290
1165	1.412941
1166	1.438606
1167	1.409418
1168	1.447393
1169	1.435758
1170	1.429585
1171	1.438394
1172	1.414718
1173	1.423427
1174	1.424496
1175	1.410082
1176	1.417089
1177	1.400502
1178	1.406346
1179	1.397743
1180	1.396303
1181	1.432512
1182	1.409683
1183	1.413263
1184	1.437539
1185	1.408097
1186	1.417845
1187	1.423886
1188	1.384627
1189	1.415357
1190	1.407263
1191	1.401760
1192	1.424680
1193	1.402937
1194	1.413677
1195	1.423903
1196	1.417081
1197	1.425132
1198	1.420488
1199	1.406013
1200	1.419395
1201	1.413483
1202	1.398993
1203	1.406063
1204	1.402881
1205	1.401851
1206	1.407818
1207	1.408207
1208	1.417951
1209	1.415746
1210	1.414016
1211	1.418635
1212	1.413782
1213	1.412706
1214	1.396525
1215	1.405280
1216	1.406097
1217	1.396465
1218	1.407110
1219	1.411539
1220	1.411213
1221	1.420403
1222	1.423675
1223	1.411852
1224	1.422580
1225	1.407053
1226	1.409742
1227	1.399298
1228	1.396930
1229	1.400789
1230	1.403261
1231	1.405396
1232	1.413340
1233	1.422200
1234	1.418994
1235	1.419403
1236	1.419934
1237	1.419309
1238	1.409319
1239	1.404870
1240	1.399574
1241	1.395726
1242	1.401180
1243	1.405673
1244	1.419292
1245	1.424810
1246	1.414640
1247	1.411158
1248	1.409546
1249	1.398212
1250	1.408173
1251	1.412219
1252	1.402790
1253	1.412559
1254	1.410014
1255	1.414595
1256	1.413563
1257	1.414530
1258	1.410149
1259	1.414105
1260	1.411944
1261	1.400404
1262	1.415725
1263	1.413388
1264	1.407211
1265	1.419256
1266	1.404950
1267	1.404341
1268	1.414489
1269	1.415507
1270	1.404528
1271	1.410506
1272	1.412333
1273	1.417694
1274	1.411423
1275	1.406643
1276	1.399794
1277	1.401352
1278	1.416195
1279	1.408191
1280	1.413982
1281	1.408710
1282	1.418402
1283	1.418872
1284	1.417772
1285	1.425678
1286	1.414854
1287	1.419375
1288	1.419785
1289	1.397362
1290	1.415063
1291	1.405207
1292	1.383579
1293	1.411790
1294	1.394930
1295	1.397624
1296	1.423285
1297	1.404166
1298	1.429003
1299	1.412554
1300	1.425610
1301	1.412449
1302	1.400747
1303	1.412195
1304	1.388223
1305	1.402843
1306	1.414824
1307	1.396345
1308	1.429474
1309	1.419338
1310	1.415607
1311	1.420557
1312	1.398160
1313	1.397058
1314	1.404016
1315	1.387019
1316	1.418603
1317	1.398694
1318	1.417502
1319	1.410246
1320	1.415515
1321	1.427232
1322	1.418514
1323	1.428292
1324	1.422950
1325	1.420195
1326	1.437222
1327	1.415432
1328	1.423259
1329	1.421924
1330	1.409971
1331	1.418178
1332	1.399582
1333	1.393323
1334	1.405784
1335	1.396748
1336	1.403573
1337	1.415961
1338	1.413549
1339	1.408682
1340	1.414850
1341	1.421152
1342	1.417525
1343	1.421576
1344	1.407738
1345	1.408660
1346	1.409917
1347	1.399563
1348	1.406573
1349	1.400672
1350	1.399332
1351	1.397908
1352	1.405347
1353	1.412703
1354	1.405408
1355	1.424952
1356	1.405133
1357	1.424199
1358	1.418189
1359	1.403770
1360	1.423518
1361	1.410391
1362	1.407542
1363	1.409593
1364	1.402282
1365	1.402711
1366	1.406507
1367	1.400143
1368	1.406183
1369	1.404092
1370	1.410273
1371	1.407120
1372	1.410735
1373	1.422215
1374	1.404715
1375	1.421646
1376	1.412722
1377	1.411111
1378	1.418671
1379	1.402247
1380	1.414457
1381	1.401457
1382	1.408195
1383	1.400332
1384	1.400314
1385	1.409212
1386	1.400664
1387	1.420226
1388	1.406599
1389	1.413937
1390	1.415414
1391	1.405666
1392	1.407831
1393	1.402920
1394	1.414097
1395	1.402001
1396	1.408234
1397	1.401669
1398	1.392269
1399	1.417033
1400	1.418616
1401	1.408144
1402	1.423286
1403	1.420838
1404	1.421455
1405	1.423377
1406	1.413792
1407	1.409845
1408	1.414709
1409	1.401610
1410	1.408575
1411	1.409958
1412	1.401765
1413	1.410316
1414	1.400419
1415	1.396703
1416	1.409519
1417	1.407255
1418	1.415360
1419	1.414884
1420	1.417811
1421	1.415056
1422	1.401847
1423	1.406180
1424	1.403305
1425	1.390938
1426	1.407465
1427	1.407674
1428	1.401513
1429	1.421166
1430	1.412896
1431	1.410926
1432	1.417422
1433	1.405859
1434	1.401747
1435	1.404813
1436	1.401543
1437	1.397342
1438	1.408124
1439	1.411613
1440	1.413241
1441	1.414112
1442	1.415741
1443	1.425794
1444	1.412735
1445	1.411569
1446	1.409931
1447	1.405755
1448	1.404543
1449	1.392973
1450	1.391986
1451	1.401661
1452	1.392851
1453	1.409780
1454	1.406488
1455	1.410736
1456	1.414532
1457	1.434525
1458	1.424187
1459	1.420380
1460	1.429391
1461	1.426723
1462	1.411735
1463	1.414204
1464	1.396631
1465	1.390085
1466	1.390999
1467	1.388964
1468	1.398764
1469	1.399670
1470	1.411532
1471	1.413242
1472	1.418759
1473	1.424047
1474	1.415224
1475	1.424554
1476	1.416883
1477	1.411157
1478	1.420591
1479	1.403355
1480	1.408475
1481	1.408438
1482	1.390194
1483	1.405111
1484	1.396130
1485	1.405317
1486	1.416940
1487	1.410287
1488	1.414071
1489	1.422393
1490	1.414303
1491	1.426650
1492	1.408409
1493	1.417280
1494	1.425006
1495	1.404367
1496	1.412985
1497	1.411087
1498	1.401319
1499	1.412819
1500	1.395458
1501	1.405772
1502	1.403285
1503	1.409851
1504	1.410580
1505	1.414676
1506	1.414248
1507	1.417828
1508	1.410721
1509	1.416204
1510	1.409347
1511	1.397872
1512	1.402549
1513	1.394636
1514	1.406884
1515	1.395348
1516	1.394499
1517	1.414521
1518	1.403614
1519	1.413566
1520	1.425741
1521	1.417692
1522	1.423192
1523	1.427849
1524	1.408356
1525	1.423845
1526	1.406100
1527	1.411496
1528	1.411840
1529	1.399715
1530	1.410812
1531	1.404667
1532	1.398782
1533	1.422310
1534	1.399895
1535	1.411828
1536	1.416700
1537	1.405376
1538	1.431836
1539	1.408266
1540	1.402030
1541	1.421505
1542	1.393238
1543	1.396327
1544	1.413904
1545	1.392965
1546	1.409116
1547	1.426282
1548	1.407948
1549	1.432912
1550	1.422672
1551	1.416639
1552	1.422818
1553	1.410775
1554	1.408282
1555	1.399732
1556	1.394107
1557	1.384320
1558	1.400768
1559	1.394557
1560	1.417411
1561	1.417254
1562	1.412731
1563	1.430265
1564	1.419500
1565	1.427005
1566	1.421137
1567	1.407220
1568	1.408610
1569	1.396267
1570	1.393865
1571	1.396119
1572	1.399369
1573	1.397483
1574	1.414124
1575	1.410334
1576	1.418799
1577	1.434817
1578	1.419909
1579	1.423892
1580	1.423816
1581	1.407744
1582	1.412375
1583	1.394876
1584	1.394396
1585	1.384777
1586	1.384614
1587	1.404916
1588	1.420280
1589	1.419877
1590	1.420370
1591	1.426505
1592	1.404357
1593	1.399053
1594	1.398846
1595	1.387824
1596	1.406623
1597	1.399775
1598	1.409869
1599	1.410745
1600	1.412498
1601	1.420533
1602	1.406638
1603	1.413216
1604	1.410326
1605	1.398344
1606	1.407712
1607	1.396917
1608	1.401467
1609	1.396992
1610	1.397309
1611	1.408144
1612	1.414055
1613	1.417028
1614	1.425250
1615	1.419435
1616	1.406632
1617	1.409495
1618	1.400093
1619	1.403639
1620	1.402330
1621	1.396320
1622	1.401821
1623	1.406543
1624	1.401866
1625	1.415065
1626	1.415280
1627	1.415191
1628	1.422733
1629	1.411295
1630	1.412406
1631	1.407373
1632	1.397893
1633	1.406479
1634	1.400076
1635	1.406352
1636	1.400338
1637	1.400672
1638	1.418721
1639	1.407767
1640	1.412430
1641	1.424811
1642	1.416609
1643	1.415908
1644	1.421123
1645	1.395213
1646	1.412974
1647	1.406288
1648	1.389364
1649	1.408800
1650	1.387271
1651	1.401992
1652	1.399967
1653	1.395712
1654	1.421497
1655	1.398081
1656	1.414955
1657	1.433976
1658	1.408185
1659	1.418320
1660	1.416744
1661	1.382651
1662	1.405809
1663	1.402393
1664	1.388036
1665	1.416919
1666	1.402950
1667	1.400224
1668	1.422749
1669	1.399164
1670	1.418096
1671	1.426156
1672	1.393320
1673	1.415835
1674	1.412794
1675	1.387128
1676	1.399072
1677	1.399167
1678	1.387203
1679	1.420959
1680	1.414855
1681	1.400723
1682	1.423925
1683	1.403687
1684	1.407563
1685	1.412616
1686	1.395435
1687	1.398489
1688	1.424084
1689	1.409480
1690	1.399742
1691	1.421123
1692	1.397244
1693	1.395741
1694	1.413869
1695	1.394583
1696	1.400588
1697	1.421264
1698	1.414203
1699	1.400424
1700	1.417817
1701	1.390053
1702	1.391383
1703	1.407604
1704	1.393909
1705	1.405199
1706	1.424854
1707	1.396158
1708	1.408857
1709	1.407586
1710	1.377686
1711	1.398605
1712	1.403303
1713	1.393544
1714	1.418266
1715	1.439216
1716	1.403628
1717	1.397232
1718	1.408157
1719	1.368265
1720	1.382122
1721	1.411381
1722	1.402797
1723	1.410535
1724	1.434974
1725	1.397309
1726	1.383301
1727	1.409942
1728	1.377619
1729	1.382288
1730	1.424883
1731	1.410797
1732	1.404399
1733	1.437940
1734	1.404106
1735	1.371993
1736	1.409048
1737	1.403171
1738	1.385523
1739	1.416568
1740	1.432273
1741	1.390206
1742	1.393624
1743	1.419955
1744	1.387689
1745	1.405017
1746	1.421211
1747	1.399799
1748	1.392874
1749	1.406860
1750	1.382514
1751	1.385681
1752	1.419327
1753	1.394890
1754	1.407933
1755	1.430048
1756	1.398130
1757	1.381766
1758	1.425514
1759	1.398156
1760	1.404070
1761	1.437360
1762	1.407586
1763	1.395940
1764	1.413612
1765	1.392230
1766	1.390434
1767	1.417833
1768	1.411253
1769	1.404559
1770	1.432405
1771	1.402758
1772	1.376355
1773	1.410485
1774	1.400175
1775	1.387025
1776	1.421839
1777	1.418980
1778	1.383252
1779	1.403371
1780	1.412814
1781	1.389090
1782	1.410272
1783	1.419472
1784	1.391194
1785	1.401101
1786	1.416817
1787	1.385798
1788	1.408838
1789	1.429421
1790	1.402411
1791	1.405186
1792	1.430130
1793	1.392912
1794	1.382987
1795	1.412889
1796	1.400329
1797	1.397812
1798	1.438600
1799	1.427693
1800	1.383996
1801	1.393619
1802	1.401374
1803	1.385988
1804	1.417651
1805	1.440839
1806	1.390837
1807	1.392345
1808	1.398198
1809	1.374703
1810	1.404204
1811	1.432121
1812	1.406426
1813	1.415687
1814	1.413671
1815	1.379980
1816	1.387504
1817	1.426716
1818	1.418669
1819	1.403885
1820	1.411162
1821	1.389134
1822	1.371529
1823	1.405216
1824	1.405700
1825	1.408234
1826	1.425793
1827	1.414755
1828	1.382366
1829	1.380687
1830	1.413991
1831	1.411834
1832	1.414494
1833	1.426287
1834	1.396679
1835	1.373928
1836	1.394199
1837	1.384483
1838	1.403364
1839	1.433293
1840	1.417052
1841	1.383638
1842	1.375601
1843	1.410614
1844	1.424558
1845	1.424343
1846	1.418054
1847	1.392395
1848	1.368882
1849	1.395000
1850	1.426325
1851	1.421908
1852	1.406084
1853	1.405880
1854	1.382905
1855	1.375455
1856	1.401353
1857	1.433089
1858	1.407575
1859	1.389259
1860	1.392424
1861	1.390440
1862	1.403875
1863	1.426303
1864	1.434237
1865	1.403175
1866	1.391945
1867	1.390840
1868	1.383446
1869	1.397792
1870	1.427508
1871	1.414015
1872	1.387366
1873	1.384648
1874	1.384859
1875	1.393112
1876	1.418651
1877	1.427907
1878	1.420647
1879	1.397509
1880	1.385514
1881	1.378347
1882	1.399481
1883	1.421354
1884	1.419481
1885	1.411979
1886	1.393358
1887	1.377321
1888	1.390634
1889	1.424883
1890	1.419256
1891	1.415225
1892	1.405557
1893	1.380944
1894	1.386788
1895	1.406596
1896	1.416516
1897	1.417217
1898	1.419758
1899	1.396554
1900	1.380787
1901	1.394411
1902	1.412888
1903	1.408643
1904	1.414829
1905	1.407977
1906	1.383383
1907	1.386117
1908	1.401995
1909	1.411945
1910	1.411146
1911	1.419083
1912	1.405348
1913	1.381624
1914	1.392409
1915	1.408458
1916	1.410440
1917	1.410400
1918	1.414044
1919	1.395987
1920	1.388849
1921	1.384913
1922	1.398397
1923	1.428678
1924	1.405229
1925	1.379855
1926	1.390416
1927	1.404536
1928	1.397454
1929	1.409161
1930	1.420213
1931	1.395440
1932	1.391085
1933	1.399165
1934	1.404712
1935	1.403375
1936	1.397464
1937	1.402730
1938	1.389927
1939	1.395140
1940	1.407107
1941	1.404515
1942	1.401266
1943	1.407074
1944	1.400399
1945	1.389774
1946	1.397004
1947	1.419287
1948	1.416341
1949	1.407770
1950	1.409576
1951	1.397544
1952	1.387859
1953	1.405556
1954	1.404859
1955	1.396689
1956	1.392812
1957	1.404627
1958	1.396727
1959	1.391681
1960	1.403975
1961	1.402323
1962	1.396842
1963	1.415468
1964	1.408410
1965	1.391583
1966	1.400011
1967	1.425777
1968	1.411128
1969	1.386543
1970	1.390802
1971	1.400407
1972	1.411399
1973	1.408555
1974	1.401145
1975	1.392772
1976	1.389414
1977	1.387356
1978	1.408982
1979	1.419368
1980	1.409924
1981	1.394406
1982	1.400801
1983	1.395731
1984	1.410442
1985	1.417538
1986	1.399899
1987	1.388341
1988	1.397229
1989	1.401156
1990	1.409935
1991	1.412925
1992	1.403752
1993	1.389833
1994	1.388332
1995	1.402055
1996	1.412322
1997	1.401401
1998	1.392411
1999	1.400822
2000	1.377610
2001	1.390431
2002	1.413868
2003	1.412799
2004	1.390755
2005	1.395758
2006	1.398250
2007	1.401642
2008	1.414590
2009	1.403708
2010	1.385181
2011	1.395913
2012	1.414321
2013	1.401875
2014	1.393858
2015	1.414501
2016	1.398285
2017	1.384769
2018	1.406560
2019	1.420062
2020	1.412041
2021	1.385452
2022	1.395800
2023	1.409136
2024	1.406961
2025	1.399764
2026	1.410112
2027	1.411267
2028	1.403258
2029	1.401092
2030	1.416273
2031	1.399755
2032	1.394454
2033	1.397746
2034	1.416147
2035	1.409105
2036	1.400220
2037	1.406280
2038	1.403946
2039	1.395222
2040	1.400005
2041	1.407866
2042	1.408410
2043	1.390204
2044	1.388692
2045	1.398520
2046	1.406689
2047	1.390553
2048	1.399263
2049	1.411463
2050	1.397221
2051	1.394390
2052	1.402204
2053	1.405898
2054	1.396602
2055	1.401913
2056	1.410114
2057	1.409032
2058	1.396856
2059	1.406643
2060	1.409733
2061	1.393522
2062	1.398431
2063	1.407476
2064	1.392710
2065	1.396632
2066	1.411906
2067	1.401138
2068	1.394746
2069	1.407638
2070	1.407750
2071	1.392516
2072	1.393519
2073	1.408623
2074	1.399288
2075	1.394285
2076	1.409769
2077	1.410232
2078	1.392048
2079	1.402970
2080	1.407996
2081	1.397021
2082	1.394328
2083	1.419053
2084	1.405295
2085	1.385776
2086	1.398804
2087	1.407899
2088	1.411782
2089	1.382472
2090	1.387293
2091	1.405466
2092	1.414321
2093	1.398066
2094	1.381266
2095	1.393404
2096	1.397665
2097	1.405552
2098	1.407656
2099	1.396314
2100	1.392025
2101	1.399459
2102	1.407315
2103	1.410808
2104	1.390044
2105	1.383301
2106	1.400813
2107	1.415704
2108	1.410379
2109	1.383865
2110	1.385349
2111	1.408828
2112	1.407577
2113	1.398448
2114	1.384679
2115	1.391714
2116	1.402753
2117	1.401126
2118	1.407294
2119	1.389997
2120	1.403450
2121	1.408194
2122	1.394066
2123	1.387125
2124	1.405736
2125	1.413822
2126	1.407735
2127	1.396465
2128	1.392618
2129	1.406250
2130	1.405328
2131	1.397228
2132	1.402094
2133	1.414424
2134	1.406130
2135	1.388936
2136	1.394620
2137	1.407454
2138	1.415096
2139	1.397682
2140	1.393332
2141	1.404582
2142	1.407541
2143	1.397361
2144	1.388261
2145	1.397214
2146	1.414047
2147	1.418052
2148	1.394001
2149	1.392172
2150	1.409831
2151	1.400261
2152	1.390652
2153	1.397200
2154	1.397370
2155	1.418658
2156	1.409849
2157	1.392893
2158	1.403507
2159	1.411967
2160	1.407573
2161	1.395681
2162	1.396060
2163	1.407123
2164	1.404060
2165	1.394952
2166	1.382044
2167	1.393006
2168	1.404665
2169	1.397182
2170	1.403337
2171	1.425344
2172	1.411806
2173	1.402767
2174	1.391657
2175	1.396236
2176	1.408193
2177	1.396505
2178	1.388190
2179	1.403751
2180	1.399909
2181	1.383918
2182	1.394249
2183	1.416559
2184	1.408047
2185	1.419585
2186	1.423373
2187	1.404877
2188	1.386435
2189	1.366418
2190	1.380288
2191	1.415504
2192	1.405037
2193	1.409117
2194	1.438388
2195	1.417289
2196	1.393652
2197	1.396055
2198	1.393499
2199	1.394827
2200	1.392884
2201	1.382728
2202	1.404599
2203	1.414268
2204	1.385495
2205	1.405625
2206	1.437208
2207	1.407977
2208	1.417376
2209	1.433987
2210	1.414745
2211	1.408267
2212	1.423598
2213	1.411164
2214	1.407065
2215	1.413423
2216	1.408979
2217	1.413542
2218	1.408353
2219	1.402601
2220	1.408008
2221	1.412529
2222	1.382703
2223	1.396906
2224	1.404582
2225	1.387220
2226	1.383996
2227	1.396416
2228	1.398773
2229	1.385125
2230	1.382867
2231	1.406378
2232	1.408744
2233	1.393047
2234	1.402870
2235	1.416986
2236	1.396115
2237	1.399695
2238	1.418517
2239	1.420093
2240	1.399307
2241	1.410754
2242	1.412752
2243	1.390753
2244	1.410519
2245	1.407037
2246	1.387094
2247	1.404132
2248	1.407677
2249	1.382430
2250	1.404487
2251	1.407125
2252	1.381782
2253	1.405491
2254	1.409568
2255	1.375605
2256	1.412622
2257	1.398853
2258	1.390324
2259	1.413268
2260	1.399798
2261	1.388179
2262	1.417265
2263	1.394362
2264	1.392071
2265	1.413836
2266	1.391463
2267	1.392954
2268	1.400004
2269	1.396734
2270	1.390318
2271	1.396432
2272	1.397545
2273	1.399482
2274	1.394014
2275	1.401926
2276	1.406070
2277	1.399472
2278	1.404158
2279	1.410875
2280	1.401046
2281	1.412551
2282	1.405315
2283	1.408762
2284	1.398770
2285	1.407414
2286	1.410369
2287	1.386343
2288	1.411426
2289	1.414753
2290	1.400654
2291	1.418553
2292	1.408452
2293	1.403404
2294	1.422418
2295	1.391695
2296	1.394021
2297	1.416139
2298	1.391137
2299	1.396962
2300	1.415025
2301	1.392024
2302	1.407281
2303	1.426050
2304	1.393372
2305	1.417276
2306	1.414920
2307	1.382707
2308	1.412959
2309	1.404945
2310	1.385624
2311	1.414047
2312	1.385286
2313	1.396507
2314	1.412948
2315	1.391962
2316	1.418068
2317	1.423283
2318	1.391121
2319	1.421461
2320	1.399658
2321	1.389167
2322	1.415552
2323	1.394995
2324	1.413936
2325	1.395543
2326	1.429899
2327	1.391809
2328	1.396101
2329	1.420258
2330	1.388414
2331	1.420157
2332	1.411108
2333	1.393448
2334	1.402797
2335	1.391473
2336	1.409992
2337	1.410623
2338	1.415272
2339	1.403421
2340	1.402649
2341	1.405917
2342	1.403237
2343	1.419325
2344	1.411166
2345	1.412972
2346	1.398322
2347	1.401424
2348	1.406453
2349	1.413707
2350	1.423413
2351	1.403911
2352	1.411397
2353	1.402413
2354	1.393942
2355	1.419087
2356	1.408878
2357	1.413713
2358	1.419116
2359	1.385876
2360	1.413693
2361	1.404788
2362	1.409758
2363	1.408214
2364	1.400560
2365	1.404733
2366	1.401908
2367	1.423165
2368	1.395558
2369	1.412522
2370	1.404284
2371	1.411194
2372	1.405160
2373	1.408355
2374	1.410702
2375	1.390637
2376	1.426019
2377	1.400232
2378	1.405448
2379	1.402850
2380	1.419021
2381	1.403135
2382	1.415477
2383	1.409442
2384	1.405079
2385	1.403371
2386	1.417704
2387	1.408210
2388	1.394333
2389	1.422083
2390	1.397273
2391	1.408788
2392	1.404718
2393	1.423977
2394	1.390020
2395	1.418476
2396	1.403328
2397	1.405274
2398	1.409179
2399	1.406121
2400	1.405640
2401	1.395713
2402	1.427214
2403	1.387314
2404	1.414890
2405	1.405501
2406	1.420392
2407	1.391420
2408	1.419006
2409	1.412333
2410	1.401819
2411	1.416790
2412	1.421131
2413	1.393577
2414	1.413316
2415	1.413695
2416	1.410202
2417	1.392199
2418	1.418571
2419	1.397551
2420	1.405857
2421	1.408762
2422	1.408027
2423	1.404462
2424	1.414306
2425	1.415125
2426	1.400754
2427	1.425379
2428	1.408367
2429	1.406321
2430	1.406934
2431	1.419860
2432	1.391857
2433	1.415411
2434	1.403393
2435	1.413145
2436	1.394672
2437	1.420354
2438	1.393837
2439	1.402717
2440	1.408866
2441	1.416265
2442	1.402484
2443	1.406813
2444	1.412861
2445	1.414158
2446	1.397560
2447	1.421821
2448	1.418951
2449	1.416332
2450	1.416313
2451	1.414061
2452	1.405995
2453	1.416213
2454	1.411512
2455	1.388143
2456	1.423009
2457	1.402512
2458	1.397409
2459	1.407706
2460	1.417358
2461	1.399584
2462	1.418328
2463	1.412150
2464	1.406662
2465	1.404243
2466	1.422610
2467	1.398199
2468	1.399542
2469	1.421731
2470	1.415618
2471	1.389961
2472	1.429172
2473	1.417699
2474	1.419778
2475	1.390392
2476	1.428174
2477	1.415463
2478	1.390725
2479	1.403205
2480	1.421831
2481	1.403736
2482	1.393433
2483	1.420651
2484	1.416905
2485	1.420268
2486	1.394151
2487	1.435034
2488	1.406723
2489	1.412261
2490	1.398340
2491	1.427094
2492	1.407773
2493	1.405583
2494	1.430760
2495	1.410494
2496	1.423315
2497	1.393152
2498	1.424129
2499	1.402894
2500	1.415743
2501	1.392810
2502	1.443097
2503	1.382213
2504	1.432687
2505	1.408410
2506	1.425786
2507	1.393588
2508	1.431093
2509	1.405309
2510	1.410060
2511	1.403353
2512	1.420749
2513	1.409841
2514	1.398855
2515	1.424567
2516	1.412663
2517	1.407308
2518	1.399650
2519	1.423412
2520	1.402143
2521	1.418599
2522	1.398777
2523	1.425984
2524	1.394251
2525	1.424151
2526	1.401515
2527	1.422552
2528	1.398162
2529	1.421800
2530	1.404474
2531	1.414106
2532	1.409137
2533	1.418250
2534	1.397281
2535	1.423213
2536	1.406706
2537	1.422605
2538	1.408683
2539	1.425761
2540	1.409341
2541	1.414032
2542	1.405750
2543	1.407310
2544	1.424561
2545	1.394754
2546	1.425919
2547	1.396721
2548	1.424302
2549	1.399612
2550	1.419178
2551	1.403991
2552	1.419381
2553	1.412336
2554	1.404606
2555	1.420358
2556	1.410246
2557	1.416875
2558	1.404233
2559	1.412910
2560	1.394374
