0	6.287021
1	4.925141
2	4.981579
3	5.215347
4	5.252610
5	5.402419
6	5.393928
7	5.309715
8	5.155342
9	4.989884
10	4.957215
11	5.061041
12	5.198727
13	5.432425
14	5.400107
15	5.162124
16	5.149944
17	5.162346
18	5.036015
19	4.848065
20	4.891687
21	5.031233
22	4.996887
23	5.015501
24	5.160223
25	5.339638
26	5.259582
27	5.310209
28	5.280080
29	5.260872
30	5.372062
31	5.694641
32	5.487736
33	5.129543
34	5.117750
35	5.374387
36	5.424334
37	5.348698
38	5.272373
39	5.450172
40	5.561537
41	5.504352
42	5.313636
43	5.200922
44	5.255310
45	5.241950
46	5.356486
47	5.663700
48	5.586535
49	5.533163
50	5.528347
51	5.517862
52	5.496123
53	5.610504
54	5.383733
55	5.296721
56	5.270267
57	5.321096
58	5.221172
59	5.282433
60	5.302952
61	5.135253
62	5.187238
63	5.238270
64	5.265403
65	5.387316
66	5.354781
67	5.461398
68	5.693313
69	5.817272
70	5.491311
71	5.276286
72	5.395490
73	5.446293
74	5.734069
75	5.483348
76	5.149325
77	5.337395
78	5.487146
79	5.501897
80	5.389154
81	5.279269
82	5.079911
83	5.108852
84	5.215981
85	5.490717
86	5.604785
87	5.655472
88	5.517329
89	5.426446
90	5.308823
91	5.330047
92	5.489952
93	5.256494
94	5.163383
95	5.194279
96	5.480709
97	5.528182
98	5.592129
99	5.528467
100	5.354516
101	5.424608
102	5.605995
103	5.635266
104	5.686579
105	5.736320
106	5.355042
107	5.167350
108	5.271570
109	5.438774
110	5.488040
111	5.529283
112	5.707021
113	5.745827
114	5.723928
115	5.717992
116	5.518930
117	5.602755
118	5.428413
119	5.507235
120	5.371274
121	5.583581
122	5.698173
123	5.485548
124	5.578813
125	5.621226
126	5.535833
127	5.355336
128	5.293994
129	5.361416
130	5.599021
131	5.812817
132	5.917838
133	5.756342
134	5.713694
135	5.492511
136	5.365450
137	5.287421
138	5.719639
139	5.774992
140	5.816324
141	5.861702
142	5.867243
143	5.767690
144	5.669025
145	5.628528
146	5.640670
147	5.561797
148	5.529996
149	5.803014
150	5.913757
151	5.681715
152	5.481301
153	5.444696
154	5.402006
155	5.482427
156	5.269166
157	5.212338
158	5.160124
159	5.255392
160	5.385264
161	5.553524
162	5.648259
163	5.844257
164	5.671413
165	5.581892
166	5.393328
167	5.417933
168	5.557367
169	5.729118
170	5.741371
171	5.771787
172	5.582274
173	5.507463
174	5.535903
175	5.581857
176	5.703142
177	6.066877
178	6.026492
179	5.750119
180	5.546256
181	5.348655
182	5.422881
183	5.548423
184	5.796952
185	5.573541
186	5.458003
187	5.639023
188	5.446458
189	5.492464
190	5.529429
191	5.632864
192	5.793289
193	5.609464
194	5.587935
195	5.524512
196	5.490913
197	5.689883
198	5.698270
199	5.528926
200	5.491324
201	5.628765
202	5.800237
203	5.741304
204	5.724341
205	5.561818
206	5.426207
207	5.444385
208	5.732291
209	5.859594
210	5.693721
211	5.067430
212	4.862682
213	4.857374
214	5.355586
215	5.405548
216	5.237201
217	5.582560
218	5.831527
219	5.663991
220	5.421602
221	5.383718
222	5.466382
223	5.677057
224	5.699161
225	5.338496
226	5.311450
227	5.354481
228	5.629805
229	5.718409
230	5.608596
231	5.666625
232	5.659253
233	5.565219
234	5.654565
235	5.706122
236	5.622885
237	5.503992
238	5.548792
239	5.595915
240	5.540021
241	5.540146
242	5.524225
243	5.691144
244	5.566437
245	5.432091
246	5.465197
247	5.495622
248	5.969849
249	6.111382
250	5.826150
251	5.490850
252	5.617336
253	5.880707
254	6.216753
255	5.848406
256	5.360632
257	5.426956
258	5.555051
259	5.524020
260	5.895741
261	6.092309
262	5.935685
263	5.601410
264	5.235955
265	5.112504
266	5.264115
267	5.487311
268	5.490836
269	5.446954
270	5.598948
271	5.724519
272	5.915189
273	5.827512
274	5.595255
275	5.610493
276	5.619572
277	5.701385
278	5.610849
279	5.498742
280	5.376033
281	5.342615
282	5.613451
283	5.769798
284	6.005360
285	5.946451
286	5.796956
287	5.644073
288	5.520179
289	5.418756
290	5.583580
291	5.547972
292	5.913901
293	5.919153
294	5.873932
295	5.643437
296	5.341713
297	5.247104
298	5.484238
299	5.755682
300	5.838486
301	5.531152
302	5.280827
303	5.485384
304	5.633535
305	5.740188
306	5.451826
307	5.447772
308	5.581991
309	5.942210
310	5.932466
311	5.679905
312	5.260030
313	5.027617
314	5.004595
315	5.742541
316	6.033675
317	5.919339
318	5.603710
319	5.479035
320	5.617774
321	5.631702
322	5.916238
323	5.808183
324	5.235634
325	4.983681
326	5.265004
327	5.383932
328	5.528067
329	5.511945
330	5.379130
331	5.226525
332	5.517941
333	5.689000
334	6.032138
335	6.144525
336	5.994902
337	5.677123
338	5.470109
339	5.336706
340	5.271417
341	5.215353
342	5.390532
343	5.376596
344	5.466267
345	5.339133
346	5.489867
347	5.845210
348	5.918259
349	5.658721
350	5.420897
351	5.068408
352	4.902532
353	5.117115
354	5.391023
355	5.400250
356	5.663226
357	5.855253
358	5.728787
359	5.663270
360	5.531725
361	5.551893
362	5.525847
363	5.658823
364	5.592381
365	5.342088
366	5.516909
367	5.650913
368	5.324981
369	5.063632
370	5.048526
371	5.226781
372	5.494519
373	5.571966
374	5.522152
375	5.486272
376	5.529469
377	5.813044
378	5.921020
379	5.817287
380	5.708312
381	5.346066
382	5.548896
383	5.605144
384	5.770372
385	5.497573
386	5.359358
387	5.307560
388	5.368559
389	5.528153
390	5.693424
391	6.004794
392	5.927310
393	5.512109
394	5.343056
395	5.265574
396	5.499441
397	5.733515
398	5.855370
399	5.591637
400	5.224989
401	5.012160
402	5.014147
403	5.225868
404	5.338429
405	5.153738
406	5.162256
407	5.314943
408	5.498408
409	5.545738
410	5.495208
411	5.195027
412	5.281256
413	5.410131
414	5.513801
415	5.592445
416	5.372467
417	5.353530
418	5.447921
419	5.272398
420	5.021430
421	5.068099
422	5.287209
423	5.525000
424	5.822798
425	5.799793
426	5.817993
427	5.812085
428	5.705983
429	5.637746
430	5.624804
431	5.809536
432	5.621857
433	5.602099
434	5.593820
435	5.789045
436	5.826144
437	5.858623
438	5.781647
439	5.287404
440	5.285204
441	5.536509
442	5.602201
443	5.589128
444	5.576041
445	5.579902
446	5.546927
447	5.319647
448	5.461328
449	5.512574
450	5.666135
451	5.605435
452	5.419960
453	5.219642
454	5.119037
455	5.290596
456	5.580981
457	5.639788
458	5.685816
459	5.498818
460	5.553007
461	5.625424
462	5.689742
463	5.561355
464	5.269639
465	5.263414
466	5.483868
467	5.543250
468	5.502039
469	5.572160
470	5.470912
471	5.473892
472	5.189986
473	5.079502
474	5.080219
475	5.569054
476	5.535601
477	5.619323
478	5.460025
479	5.308290
480	5.284210
481	5.329042
482	5.679009
483	5.675914
484	5.612119
485	5.594754
486	5.414607
487	5.447074
488	5.610909
489	5.591345
490	5.585855
491	5.614260
492	5.558239
493	5.592886
494	5.634690
495	5.730410
496	5.613701
497	5.342357
498	5.299726
499	5.166283
500	5.226277
501	5.222563
502	5.450466
503	5.587828
504	5.483783
505	5.571755
506	5.621662
507	5.873752
508	5.737344
509	5.761486
510	5.602684
511	5.333771
512	5.221263
513	5.280633
514	5.327458
515	5.488139
516	5.405901
517	5.397962
518	5.410208
519	5.528920
520	5.585875
521	4.754520
522	5.176434
523	5.780913
524	6.080759
525	5.830216
526	5.328173
527	4.838113
528	4.570554
529	4.662646
530	4.750197
531	4.748403
532	4.705121
533	4.793934
534	4.914485
535	4.960692
536	5.080001
537	5.297307
538	5.281280
539	5.284712
540	5.363087
541	5.462146
542	5.379746
543	5.042378
544	4.954890
545	5.101697
546	5.161645
547	5.168382
548	5.458862
549	5.409494
550	5.171119
551	4.817097
552	4.632108
553	4.611043
554	4.750628
555	4.958954
556	5.292859
557	5.464305
558	5.524826
559	5.495896
560	5.506041
561	6.194663
562	6.134485
563	5.876139
564	5.572551
565	5.393038
566	5.544779
567	5.489960
568	5.605843
569	5.938242
570	6.224880
571	5.976856
572	5.886933
573	6.156185
574	6.089148
575	6.037120
576	5.837586
577	6.014194
578	6.016109
579	5.979187
580	5.901893
581	5.709120
582	5.675908
583	5.713577
584	5.772724
585	5.592189
586	5.526402
587	5.710727
588	5.456965
589	5.164781
590	5.011397
591	4.926584
592	4.817495
593	4.853472
594	4.874331
595	4.732464
596	4.512385
597	4.524351
598	4.353575
599	4.409051
600	4.463760
601	5.573326
602	5.461059
603	5.627275
604	5.812792
605	6.019369
606	5.885496
607	5.959800
608	5.767996
609	5.766005
610	6.162343
611	6.062705
612	5.706098
613	5.688550
614	5.616648
615	5.368817
616	5.315857
617	5.276669
618	5.319111
619	5.552777
620	5.508000
621	5.973770
622	6.100147
623	6.178770
624	5.920322
625	5.414348
626	5.519768
627	5.721148
628	5.541557
629	5.553881
630	5.650282
631	5.477949
632	5.572027
633	5.562619
634	5.573267
635	5.744401
636	5.832321
637	5.657111
638	5.879040
639	5.987278
640	6.359764
641	5.783113
642	5.570336
643	5.503505
644	5.543466
645	5.929966
646	6.024763
647	5.641568
648	5.313604
649	5.445035
650	5.573988
651	5.897068
652	5.758858
653	5.727695
654	5.692710
655	5.881118
656	5.655640
657	5.692153
658	5.631802
659	5.590986
660	5.339162
661	5.393579
662	5.704483
663	5.901663
664	5.771281
665	5.688496
666	5.672297
667	5.609828
668	5.398916
669	4.941061
670	4.913631
671	4.989246
672	5.395528
673	5.584990
674	5.520885
675	5.468288
676	5.509319
677	5.951360
678	6.051843
679	6.041050
680	5.694009
681	5.362130
682	5.483626
683	5.759746
684	5.801488
685	5.882082
686	5.449799
687	5.172696
688	5.181134
689	5.471616
690	5.722145
691	5.721922
692	5.700624
693	5.529768
694	5.522651
695	5.436398
696	5.380212
697	5.468767
698	5.643315
699	5.470954
700	5.431923
701	5.416906
702	5.596522
703	5.534619
704	5.566803
705	5.332145
706	5.380573
707	5.562408
708	5.500939
709	5.267362
710	5.267008
711	5.321774
712	5.472959
713	5.843444
714	5.947855
715	5.691611
716	5.225037
717	5.477398
718	5.851284
719	6.040061
720	5.965752
721	5.553204
722	5.578167
723	5.475574
724	5.337996
725	5.307393
726	5.597335
727	5.852345
728	5.857871
729	5.583295
730	5.679302
731	5.779780
732	5.733980
733	5.595856
734	5.376699
735	5.375433
736	5.626181
737	5.442919
738	5.188913
739	5.054271
740	5.110046
741	5.186667
742	5.235786
743	5.490740
744	5.610543
745	5.665036
746	5.504526
747	5.282958
748	5.289073
749	5.550981
750	5.781857
751	5.725914
752	5.239479
753	5.110085
754	5.032780
755	5.367366
756	5.691947
757	5.835914
758	5.656653
759	5.467389
760	5.273143
761	5.262694
762	5.342316
763	5.548855
764	5.683221
765	5.677049
766	5.250961
767	5.141654
768	5.263632
769	5.442310
770	5.526650
771	5.625676
772	5.670779
773	5.434762
774	5.457426
775	5.472587
776	5.613992
777	5.559471
778	5.580167
779	5.482704
780	5.454725
781	5.408591
782	5.393960
783	5.360284
784	5.112800
785	4.889031
786	4.833950
787	4.780494
788	4.700917
789	4.820572
790	4.991331
791	5.355212
792	5.597618
793	5.823232
794	5.689246
795	5.257653
796	5.195510
797	5.033908
798	5.035207
799	4.971327
800	5.091107
801	5.107437
802	5.237238
803	5.179992
804	5.462800
805	5.330098
806	5.314436
807	5.258843
808	5.281520
809	5.343213
810	5.591161
811	5.612638
812	5.565344
813	5.386926
814	5.397373
815	5.214262
816	5.094240
817	5.284348
818	5.546884
819	5.745989
820	5.761257
821	5.549716
822	5.509045
823	5.191528
824	5.334779
825	5.576958
826	5.453622
827	5.378104
828	5.365744
829	5.072418
830	5.105000
831	5.180274
832	5.455122
833	5.381429
834	5.255348
835	5.351002
836	5.390740
837	5.536592
838	5.603045
839	5.461733
840	5.154780
841	5.073983
842	5.135553
843	5.268529
844	5.251436
845	5.102658
846	5.372792
847	5.683308
848	5.777244
849	5.441992
850	5.014314
851	5.020754
852	5.146601
853	5.157472
854	5.315749
855	5.302671
856	5.326094
857	5.188603
858	4.875720
859	4.988819
860	5.254572
861	5.511265
862	5.724003
863	5.761787
864	5.737265
865	5.814587
866	5.847756
867	5.689104
868	5.649220
869	5.477683
870	5.296360
871	5.204777
872	5.304757
873	5.428435
874	5.801274
875	5.522933
876	5.286871
877	5.192869
878	5.462287
879	5.653434
880	5.847521
881	5.715775
882	5.445711
883	5.141223
884	5.115080
885	5.243582
886	5.249511
887	5.383017
888	5.351882
889	5.294243
890	5.230407
891	5.107249
892	5.300101
893	5.392296
894	5.460692
895	5.489035
896	5.260133
897	5.281336
898	5.202775
899	5.425054
900	5.596437
901	5.651369
902	5.332044
903	5.133831
904	4.995722
905	5.163484
906	5.292808
907	5.585296
908	5.694397
909	5.576561
910	5.279211
911	5.180062
912	5.171343
913	5.292799
914	5.492630
915	5.527138
916	5.623235
917	5.225126
918	5.123927
919	5.019889
920	4.895865
921	4.859546
922	4.845652
923	5.200196
924	5.307745
925	5.429591
926	5.516559
927	5.403422
928	5.641466
929	5.900499
930	6.018821
931	6.117993
932	5.796981
933	5.626117
934	5.466491
935	5.321153
936	5.107665
937	5.158775
938	5.476880
939	5.548819
940	5.477344
941	5.441698
942	5.522079
943	5.411819
944	5.189558
945	5.238349
946	5.265533
947	5.334363
948	5.385679
949	5.441587
950	5.388729
951	5.443322
952	5.567216
953	5.425332
954	5.200859
955	4.953103
956	4.974697
957	5.034314
958	5.250205
959	5.374037
960	5.217520
961	5.159748
962	5.166092
963	5.109022
964	5.122837
965	5.190325
966	5.281578
967	5.254891
968	5.198189
969	5.314282
970	5.276681
971	5.246509
972	5.347795
973	5.384248
974	5.449271
975	5.239491
976	5.145033
977	5.194780
978	5.393026
979	5.313554
980	5.379790
981	5.258009
982	5.116662
983	5.222193
984	5.307981
985	5.515954
986	5.618130
987	5.172361
988	4.933216
989	4.979025
990	5.273583
991	5.457683
992	5.449852
993	5.479679
994	5.210778
995	5.220806
996	5.421264
997	5.534099
998	5.685010
999	5.592082
1000	5.456418
1001	5.285283
1002	5.208608
1003	5.246970
1004	5.483693
1005	5.562589
1006	5.582333
1007	5.434195
1008	5.232523
1009	5.240911
1010	5.123505
1011	5.100523
1012	5.161304
1013	5.445324
1014	5.638337
1015	5.487726
1016	5.310740
1017	5.231695
1018	5.390506
1019	5.749020
1020	5.728585
1021	5.313413
1022	5.120789
1023	5.026363
1024	5.155893
1025	5.551587
1026	5.605018
1027	5.716131
1028	5.451587
1029	5.494495
1030	5.643800
1031	5.745198
1032	5.537390
1033	5.433579
1034	5.254132
1035	5.227811
1036	5.396724
1037	5.540852
1038	5.706108
1039	5.472671
1040	5.459970
1041	5.455249
1042	5.473752
1043	5.439449
1044	5.477990
1045	5.370025
1046	5.361662
1047	5.312778
1048	5.358017
1049	5.388952
1050	5.574428
1051	5.653578
1052	5.423769
1053	5.486872
1054	5.269759
1055	5.622482
1056	5.667377
1057	5.517414
1058	5.159544
1059	4.973749
1060	4.914611
1061	5.016443
1062	5.250548
1063	5.548476
1064	5.802081
1065	5.665845
1066	5.573369
1067	5.518414
1068	5.590316
1069	5.633064
1070	5.338045
1071	5.351135
1072	5.541638
1073	5.606868
1074	5.577517
1075	5.331058
1076	5.160793
1077	5.254504
1078	5.126956
1079	5.096339
1080	4.929852
1081	4.954471
1082	5.036168
1083	5.064747
1084	5.129370
1085	5.210478
1086	5.296046
1087	5.405577
1088	5.536166
1089	5.855197
1090	5.969181
1091	6.220144
1092	6.292433
1093	6.078645
1094	5.767859
1095	5.995762
1096	5.605708
1097	5.254049
1098	5.320146
1099	5.478332
1100	5.511510
1101	5.297589
1102	4.970320
1103	4.916036
1104	5.144445
1105	5.069715
1106	4.917656
1107	5.083656
1108	5.310732
1109	5.656736
1110	5.696847
1111	5.438701
1112	5.321165
1113	5.575397
1114	5.701756
1115	5.842033
1116	5.789928
1117	5.801073
1118	5.813385
1119	5.638992
1120	5.481350
1121	5.525730
1122	5.548306
1123	5.284159
1124	5.040944
1125	5.231831
1126	5.416842
1127	5.194882
1128	5.117643
1129	5.002165
1130	4.980688
1131	5.075457
1132	5.265302
1133	5.321042
1134	5.297985
1135	5.397071
1136	5.293103
1137	5.538263
1138	5.535269
1139	5.517118
1140	5.481203
1141	5.748219
1142	5.664906
1143	5.274390
1144	4.920312
1145	4.915456
1146	5.038779
1147	5.309172
1148	5.277622
1149	5.185606
1150	5.240393
1151	5.498534
1152	5.803168
1153	5.851777
1154	5.683509
1155	5.408347
1156	5.296816
1157	5.119850
1158	5.106678
1159	5.099931
1160	5.164708
1161	5.458838
1162	5.354426
1163	5.130890
1164	4.970572
1165	4.933236
1166	4.817846
1167	4.991497
1168	5.124812
1169	5.420674
1170	5.628518
1171	5.394804
1172	5.046108
1173	4.944612
1174	4.847651
1175	4.933461
1176	4.956365
1177	5.218734
1178	5.517039
1179	5.490563
1180	5.685684
1181	5.735012
1182	5.628602
1183	5.465110
1184	5.276163
1185	4.844230
1186	4.856736
1187	5.310828
1188	5.604131
1189	5.582663
1190	5.259606
1191	5.377526
1192	5.495211
1193	5.768812
1194	5.577507
1195	5.518022
1196	5.406750
1197	5.634248
1198	5.738347
1199	5.784202
1200	5.732991
1201	5.685463
1202	5.602039
1203	5.509607
1204	5.554188
1205	5.624701
1206	5.601352
1207	5.532854
1208	5.445481
1209	5.671686
1210	5.668374
1211	5.781188
1212	5.955017
1213	5.944760
1214	5.870913
1215	5.858714
1216	5.702744
1217	5.652320
1218	5.697800
1219	5.490086
1220	5.304130
1221	5.466443
1222	5.379473
1223	5.558267
1224	5.548973
1225	5.298697
1226	5.365658
1227	5.499356
1228	5.473604
1229	5.340931
1230	5.397125
1231	5.590890
1232	5.563414
1233	5.584681
1234	5.620473
1235	5.565937
1236	5.533432
1237	5.508276
1238	5.559450
1239	5.372047
1240	5.366478
1241	5.583455
1242	5.675586
1243	5.687653
1244	5.879755
1245	5.838470
1246	5.812801
1247	5.754681
1248	5.313357
1249	5.160353
1250	5.384284
1251	5.468371
1252	5.466429
1253	5.496028
1254	5.306898
1255	5.261327
1256	5.401168
1257	5.441286
1258	5.494233
1259	5.460277
1260	5.184850
1261	5.062738
1262	5.116747
1263	5.046070
1264	4.986382
1265	4.970376
1266	5.134274
1267	5.269870
1268	5.332574
1269	5.451427
1270	5.392020
1271	5.272491
1272	5.170121
1273	5.032327
1274	5.185003
1275	5.403358
1276	5.400128
1277	5.141671
1278	5.177033
1279	5.356610
1280	5.253891
1281	5.199889
1282	5.199347
1283	5.147562
1284	5.140997
1285	5.348564
1286	5.077245
1287	5.116161
1288	5.219409
1289	5.445841
1290	5.742200
1291	5.880969
1292	5.817194
1293	5.753678
1294	5.843052
1295	5.705427
1296	5.345379
1297	5.093533
1298	5.023860
1299	5.067707
1300	4.972663
1301	5.279961
1302	5.535693
1303	5.660165
1304	5.521744
1305	5.433423
1306	5.270283
1307	5.201116
1308	5.453534
1309	5.274713
1310	5.048374
1311	5.309165
1312	5.354443
1313	5.404467
1314	5.461965
1315	5.254594
1316	5.328137
1317	5.230986
1318	5.348996
1319	5.271941
1320	5.156547
1321	4.997810
1322	5.192797
1323	5.207012
1324	5.106201
1325	5.074060
1326	5.103927
1327	5.177320
1328	5.245928
1329	5.118655
1330	5.269168
1331	5.184721
1332	5.053675
1333	4.842268
1334	4.879803
1335	4.635825
1336	4.578839
1337	4.459367
1338	4.714308
1339	4.994826
1340	5.058737
1341	4.857235
1342	4.766899
1343	4.948353
1344	5.100035
1345	5.188739
1346	5.037543
1347	5.115215
1348	5.395343
1349	5.365640
1350	5.253275
1351	5.196430
1352	5.419622
1353	5.386125
1354	5.709488
1355	5.464355
1356	5.308736
1357	5.393698
1358	5.579877
1359	5.740853
1360	5.691743
1361	5.522568
1362	5.376206
1363	5.342620
1364	5.464842
1365	5.516384
1366	5.730485
1367	5.512736
1368	5.304325
1369	5.221510
1370	5.425524
1371	5.355779
1372	5.501007
1373	5.647500
1374	5.449469
1375	5.282296
1376	5.047573
1377	4.797442
1378	4.890121
1379	5.064211
1380	4.992085
1381	5.195757
1382	5.420437
1383	5.581522
1384	5.466941
1385	5.409966
1386	5.111779
1387	4.846298
1388	4.800279
1389	4.992706
1390	5.128089
1391	5.045012
1392	5.143090
1393	5.518223
1394	5.686715
1395	5.662739
1396	5.773344
1397	6.049914
1398	5.994452
1399	5.958143
1400	5.797593
1401	5.295479
1402	4.967337
1403	4.816115
1404	4.861112
1405	5.201284
1406	5.326117
1407	5.110687
1408	4.741817
1409	4.496227
1410	4.635621
1411	4.942890
1412	4.939270
1413	5.067904
1414	5.118438
1415	5.142799
1416	5.211568
1417	5.190064
1418	5.398918
1419	5.791278
1420	6.021170
1421	6.049301
1422	5.847742
1423	5.633152
1424	5.817660
1425	5.744738
1426	5.681481
1427	5.823968
1428	5.845921
1429	5.647602
1430	5.516666
1431	5.612146
1432	5.563579
1433	5.757985
1434	5.821657
1435	5.975324
1436	5.745769
1437	5.608111
1438	5.430838
1439	5.325676
1440	5.335711
1441	5.083676
1442	4.914886
1443	4.734621
1444	4.533955
1445	4.651049
1446	4.829303
1447	5.121730
1448	5.246893
1449	5.333509
1450	5.352802
1451	4.946472
1452	4.788890
1453	4.856548
1454	4.805959
1455	4.879795
1456	5.202792
1457	5.324084
1458	5.406048
1459	5.600475
1460	5.716117
1461	5.555585
1462	5.448058
1463	5.535110
1464	5.736221
1465	5.735976
1466	5.772878
1467	5.662137
1468	5.358415
1469	5.234420
1470	5.303257
1471	5.261397
1472	5.257327
1473	4.854173
1474	4.973078
1475	5.279109
1476	5.582946
1477	5.652064
1478	5.592748
1479	5.435668
1480	5.689784
1481	5.783425
1482	5.732658
1483	5.753958
1484	5.668075
1485	5.731532
1486	5.580027
1487	5.605855
1488	5.548826
1489	5.713270
1490	5.601946
1491	5.306398
1492	5.132833
1493	4.950435
1494	5.137342
1495	5.519108
1496	5.433218
1497	5.210215
1498	5.173704
1499	5.372808
1500	5.549386
1501	5.680098
1502	5.524300
1503	5.373497
1504	5.348625
1505	5.242629
1506	5.190221
1507	5.094575
1508	5.025160
1509	5.190928
1510	5.388193
1511	5.594453
1512	5.530584
1513	5.404819
1514	5.574410
1515	5.442087
1516	5.263781
1517	5.194179
1518	5.369800
1519	5.243389
1520	5.270467
1521	5.379423
1522	5.518109
1523	5.531768
1524	5.732144
1525	5.662785
1526	5.747358
1527	5.647455
1528	5.545306
1529	5.651237
1530	5.168449
1531	4.773847
1532	4.620169
1533	4.895658
1534	5.207933
1535	5.551489
1536	5.498226
1537	5.521859
1538	5.829718
1539	5.910652
1540	5.846661
1541	5.848742
1542	5.723296
1543	5.503004
1544	5.495694
1545	5.484334
1546	5.373402
1547	5.628001
1548	5.481231
1549	5.619462
1550	5.590396
1551	5.699460
1552	5.420365
1553	5.262799
1554	5.310252
1555	5.308359
1556	5.663879
1557	5.886310
1558	5.505347
1559	5.445328
1560	5.062099
1561	5.240807
1562	5.264951
1563	5.267499
1564	5.143401
1565	5.030138
1566	5.025491
1567	5.274153
1568	5.207367
1569	5.289323
1570	4.978651
1571	4.698228
1572	4.533566
1573	4.998274
1574	5.277646
1575	5.558279
1576	5.547313
1577	5.230184
1578	5.157268
1579	5.494578
1580	5.532051
1581	5.564324
1582	5.543501
1583	5.554667
1584	5.894969
1585	5.928319
1586	5.852871
1587	5.690983
1588	5.595026
1589	5.755820
1590	5.878129
1591	5.835274
1592	5.838481
1593	5.715441
1594	5.663852
1595	5.665044
1596	5.628643
1597	5.386046
1598	5.269625
1599	5.237552
1600	5.359451
1601	5.341006
1602	5.623563
1603	5.786197
1604	5.936810
1605	5.878735
1606	5.864519
1607	6.079944
1608	5.751917
1609	5.591199
1610	5.279719
1611	5.452955
1612	5.351845
1613	5.077162
1614	4.878639
1615	4.634197
1616	4.673414
1617	4.539563
1618	4.440838
1619	4.502431
1620	4.609513
1621	4.812275
1622	5.000497
1623	5.360184
1624	5.950875
1625	6.026685
1626	6.080092
1627	6.042261
1628	5.946655
1629	5.761428
1630	5.753053
1631	5.528518
1632	5.533484
1633	5.192585
1634	5.041932
1635	5.134357
1636	5.262479
1637	5.102970
1638	4.996267
1639	4.872586
1640	5.106401
1641	5.275978
1642	5.224184
1643	5.221452
1644	4.838429
1645	4.725290
1646	5.060115
1647	5.091249
1648	5.170413
1649	5.295509
1650	5.256147
1651	5.382481
1652	5.731286
1653	5.576744
1654	5.401449
1655	5.212434
1656	5.299974
1657	5.387970
1658	5.408432
1659	4.999525
1660	5.030605
1661	5.099103
1662	4.935983
1663	4.963511
1664	5.157995
1665	5.326448
1666	5.137098
1667	5.189064
1668	5.172441
1669	5.509053
1670	5.566473
1671	5.856994
1672	5.752050
1673	5.759592
1674	5.754120
1675	5.595596
1676	5.393595
1677	5.152885
1678	4.883450
1679	5.019476
1680	5.203877
1681	5.207787
1682	5.416674
1683	5.642650
1684	5.772443
1685	5.834663
1686	5.733939
1687	5.594370
1688	5.353332
1689	5.009068
1690	4.587151
1691	4.403454
1692	4.323859
1693	4.440413
1694	4.783484
1695	4.892445
1696	4.792399
1697	4.487584
1698	4.593554
1699	4.491071
1700	4.520393
1701	4.648305
1702	4.482602
1703	4.542933
1704	4.710507
1705	4.837613
1706	4.568725
1707	4.363760
1708	4.598421
1709	4.572369
1710	4.623601
1711	4.416226
1712	4.318570
1713	4.438512
1714	4.535124
1715	4.693259
1716	4.610788
1717	4.295129
1718	4.346328
1719	4.342426
1720	4.211585
1721	4.474295
1722	4.433066
1723	4.475526
1724	4.380862
1725	4.705744
1726	4.765406
1727	4.684735
1728	4.452392
1729	4.266366
1730	4.377767
1731	4.553808
1732	4.608168
1733	4.614709
1734	4.602322
1735	4.542387
1736	4.446725
1737	4.374015
1738	4.384569
1739	4.630027
1740	4.843571
1741	4.809158
1742	4.532127
1743	4.405916
1744	4.471650
1745	4.522231
1746	4.381527
1747	4.393899
1748	4.443315
1749	4.493834
1750	4.689625
1751	4.807918
1752	4.656148
1753	4.454351
1754	4.680424
1755	4.477042
1756	4.667482
1757	4.546650
1758	4.736860
1759	4.601232
1760	4.443859
1761	4.476823
1762	4.478519
1763	4.719012
1764	4.725977
1765	4.581938
1766	4.321733
1767	4.249716
1768	4.308128
1769	4.463449
1770	4.575831
1771	4.748657
1772	4.692002
1773	4.792988
1774	4.748315
1775	4.610027
1776	4.645571
1777	4.700519
1778	4.939422
1779	4.851405
1780	4.615197
1781	4.642083
1782	4.698466
1783	4.636678
1784	4.469420
1785	4.455430
1786	4.646664
1787	4.588894
1788	4.327375
1789	4.419323
1790	4.688131
1791	4.805933
1792	4.724308
1793	4.754537
1794	4.644451
1795	4.669004
1796	4.705165
1797	4.491766
1798	4.456130
1799	4.728679
1800	4.728951
1801	4.956419
1802	5.200592
1803	4.971449
1804	4.656223
1805	4.572427
1806	4.728261
1807	4.820597
1808	4.704346
1809	4.635774
1810	4.595581
1811	4.719194
1812	4.610860
1813	4.447493
1814	4.675517
1815	4.851206
1816	5.108237
1817	5.111702
1818	4.890583
1819	4.672719
1820	4.347392
1821	4.545074
1822	4.597777
1823	4.771239
1824	4.750798
1825	4.447014
1826	4.242872
1827	4.297193
1828	4.369557
1829	4.517354
1830	4.751990
1831	4.843893
1832	4.950944
1833	5.003278
1834	5.004973
1835	5.015615
1836	4.928521
1837	4.991942
1838	5.058203
1839	5.088515
1840	4.897498
1841	4.597992
1842	4.561229
1843	4.738823
1844	4.820756
1845	4.729265
1846	4.699538
1847	4.550411
1848	4.609213
1849	4.693435
1850	4.672516
1851	4.611999
1852	4.609731
1853	4.574594
1854	4.802230
1855	4.989352
1856	5.053596
1857	5.143653
1858	5.110668
1859	4.971226
1860	4.742093
1861	4.825941
1862	4.808373
1863	4.594867
1864	4.758987
1865	4.712615
1866	4.818878
1867	4.576474
1868	4.639419
1869	4.626254
1870	4.710043
1871	4.722844
1872	4.955513
1873	4.695391
1874	4.474806
1875	4.367887
1876	4.398110
1877	4.403760
1878	4.406877
1879	4.833252
1880	4.767775
1881	4.847416
1882	4.688547
1883	4.404258
1884	4.277970
1885	4.315928
1886	4.344101
1887	4.738072
1888	5.134090
1889	5.073246
1890	5.058012
1891	4.777566
1892	4.560995
1893	4.454393
1894	4.499143
1895	4.721923
1896	4.677436
1897	4.520751
1898	4.604236
1899	5.005680
1900	4.694282
1901	4.494101
1902	4.212555
1903	4.219054
1904	4.328780
1905	4.635005
1906	5.160475
1907	5.197127
1908	5.013931
1909	4.829385
1910	4.469816
1911	4.367114
1912	4.611510
1913	4.806170
1914	4.905400
1915	4.835018
1916	4.959861
1917	4.962335
1918	4.903978
1919	4.527864
1920	4.511549
1921	4.372954
1922	4.660533
1923	4.757691
1924	4.821657
1925	4.703688
1926	4.381042
1927	4.353222
1928	4.642529
1929	4.753718
1930	4.828267
1931	4.977647
1932	5.051942
1933	5.302474
1934	5.119720
1935	5.216251
1936	5.045223
1937	4.855000
1938	4.836154
1939	4.384284
1940	4.321440
1941	4.437700
1942	4.555650
1943	4.770450
1944	4.703485
1945	4.757287
1946	4.466758
1947	4.570731
1948	4.530961
1949	4.603238
1950	4.555676
1951	4.551122
1952	4.510832
1953	4.531351
1954	4.704098
1955	4.975547
1956	4.892541
1957	4.703516
1958	4.413352
1959	4.365270
1960	4.648997
1961	4.631629
1962	4.672859
1963	4.579134
1964	4.462044
1965	4.414756
1966	4.685711
1967	4.911614
1968	4.790829
1969	4.889554
1970	4.726635
1971	4.525175
1972	4.584898
1973	4.510391
1974	4.900083
1975	4.980378
1976	5.228732
1977	4.549250
1978	4.332488
1979	4.286627
1980	4.755501
1981	4.948424
1982	5.216396
1983	5.229886
1984	5.204030
1985	4.896526
1986	4.299135
1987	4.387964
1988	4.498903
1989	4.853099
1990	4.993300
1991	5.007483
1992	4.669649
1993	4.474485
1994	4.522358
1995	4.667268
1996	4.660219
1997	4.556669
1998	4.444092
1999	4.523973
2000	4.491299
2001	4.557637
2002	4.581761
2003	4.831270
2004	4.860125
2005	4.459441
2006	4.326642
2007	4.678055
2008	4.897035
2009	5.101880
2010	5.364973
2011	5.673176
2012	5.881769
2013	6.193707
2014	6.298491
2015	6.312332
2016	6.303459
2017	6.348929
2018	6.483720
2019	6.263097
2020	6.125282
2021	6.084493
2022	5.985827
2023	5.906100
2024	5.629773
2025	5.805386
2026	5.974390
2027	6.178846
2028	6.282125
2029	6.200583
2030	5.684789
2031	5.369643
2032	4.870938
2033	4.518569
2034	4.327688
2035	4.442316
2036	4.841492
2037	5.025424
2038	5.102904
2039	5.004924
2040	5.053791
2041	5.070042
2042	5.112403
2043	5.015574
2044	5.153302
2045	5.152385
2046	5.052856
2047	5.340753
2048	5.735534
2049	5.837721
2050	5.977424
2051	5.781719
2052	5.802477
2053	5.504150
2054	5.448185
2055	5.232542
2056	5.020181
2057	5.053474
2058	5.058057
2059	4.877691
2060	4.876501
2061	4.810977
2062	4.647475
2063	4.538604
2064	4.602931
2065	4.796782
2066	4.738287
2067	4.640697
2068	4.539855
2069	4.701117
2070	5.115098
2071	5.025081
2072	5.124876
2073	5.009063
2074	4.955856
2075	4.934080
2076	4.955501
2077	5.220772
2078	5.476759
2079	5.591040
2080	5.645348
2081	5.734054
2082	5.740749
2083	5.885382
2084	5.895467
2085	5.950730
2086	5.927991
2087	5.737405
2088	5.538511
2089	5.328855
2090	5.196841
2091	5.007838
2092	5.199615
2093	5.144808
2094	5.369805
2095	5.638408
2096	5.818490
2097	5.751795
2098	5.751886
2099	5.787037
2100	5.802790
2101	5.682430
2102	5.652910
2103	5.808632
2104	6.081743
2105	5.992306
2106	5.905601
2107	5.811823
2108	5.602409
2109	5.664267
2110	5.826367
2111	5.987627
2112	6.179115
2113	6.057764
2114	5.610828
2115	5.929716
2116	6.451426
2117	6.532230
2118	6.280941
2119	6.264508
2120	6.406519
2121	6.270481
2122	6.142848
2123	6.184809
2124	6.524150
2125	6.366381
2126	6.128433
2127	6.193724
2128	6.296462
2129	6.331349
2130	6.219374
2131	6.087494
2132	6.238747
2133	6.093622
2134	5.967434
2135	6.042686
2136	6.063405
2137	6.080512
2138	6.076321
2139	5.771327
2140	5.581208
2141	5.464014
2142	5.892944
2143	6.132986
2144	6.051088
2145	5.771130
2146	5.713083
2147	6.006959
2148	6.263935
2149	6.714938
2150	7.043045
2151	7.008061
2152	6.985889
2153	6.847518
2154	6.430790
2155	6.078174
2156	6.039548
2157	6.145696
2158	6.224147
2159	6.188713
2160	6.009735
2161	6.096902
2162	6.173765
2163	5.899883
2164	5.930231
2165	6.019792
2166	5.977022
2167	6.074113
2168	6.105309
2169	6.164580
2170	6.142647
2171	6.010949
2172	5.937999
2173	5.950132
2174	6.051825
2175	6.025102
2176	5.957109
2177	5.844958
2178	5.936940
2179	5.759633
2180	5.478788
2181	5.485524
2182	5.656631
2183	5.968389
2184	5.988180
2185	5.934616
2186	6.222315
2187	6.177907
2188	6.016943
2189	5.707379
2190	5.784835
2191	5.918087
2192	6.005589
2193	6.084690
2194	5.830086
2195	5.965137
2196	5.993566
2197	5.867878
2198	5.925401
2199	5.811181
2200	5.940344
2201	5.965484
2202	5.984183
2203	6.341196
2204	6.087958
2205	5.899947
2206	5.920146
2207	5.866533
2208	5.908265
2209	5.869884
2210	5.832815
2211	6.264316
2212	6.584429
2213	6.591757
2214	6.348052
2215	5.933557
2216	5.716968
2217	5.932630
2218	6.007795
2219	5.829376
2220	5.706124
2221	5.644746
2222	6.027035
2223	6.235551
2224	5.881726
2225	5.873743
2226	5.590543
2227	5.628260
2228	5.831150
2229	5.637274
2230	5.467976
2231	5.421044
2232	5.606854
2233	5.637729
2234	5.526388
2235	5.458153
2236	5.340448
2237	5.308395
2238	5.272898
2239	5.329963
2240	5.416658
2241	4.858318
2242	4.600794
2243	4.535258
2244	4.467974
2245	4.390759
2246	4.410868
2247	4.590409
2248	4.617386
2249	4.875793
2250	5.480951
2251	6.062947
2252	6.045249
2253	5.771038
2254	5.705472
2255	5.500084
2256	5.029568
2257	4.680104
2258	4.600436
2259	4.637588
2260	4.939026
2261	5.127913
2262	5.432004
2263	5.543159
2264	5.761232
2265	6.011792
2266	5.806525
2267	5.738048
2268	5.726546
2269	5.781345
2270	5.549335
2271	5.297187
2272	5.274480
2273	5.278750
2274	4.991890
2275	4.844819
2276	5.116769
2277	5.086911
2278	5.021573
2279	5.194832
2280	5.416615
2281	5.590444
2282	5.515529
2283	5.281720
2284	4.958792
2285	4.943921
2286	5.080385
2287	5.102512
2288	5.315307
2289	5.403191
2290	5.254412
2291	4.914806
2292	4.976176
2293	4.978137
2294	4.879272
2295	4.755791
2296	5.045620
2297	5.420409
2298	5.660052
2299	5.614054
2300	5.694157
2301	5.616763
2302	5.480196
2303	5.554658
2304	5.386585
2305	5.522298
2306	5.642510
2307	5.309116
2308	5.459002
2309	5.329377
2310	5.469055
2311	5.512941
2312	5.411547
2313	5.200166
2314	5.017922
2315	5.022923
2316	4.857614
2317	4.752227
2318	5.209535
2319	5.678923
2320	5.616090
2321	5.707410
2322	5.782177
2323	5.720303
2324	6.018771
2325	5.730401
2326	5.868230
2327	6.106698
2328	5.915839
2329	5.808530
2330	5.605902
2331	5.561556
2332	5.276996
2333	5.072072
2334	5.182742
2335	5.029894
2336	4.985619
2337	5.068028
2338	5.299933
2339	5.481849
2340	5.431405
2341	5.620666
2342	5.827835
2343	5.580561
2344	5.361581
2345	5.787983
2346	5.946703
2347	5.806138
2348	5.576908
2349	5.450328
2350	5.469943
2351	5.260686
2352	5.194398
2353	5.258112
2354	5.513790
2355	5.684887
2356	5.512560
2357	5.330356
2358	5.253558
2359	5.398658
2360	5.764496
2361	5.632337
2362	5.716711
2363	5.507285
2364	5.436896
2365	5.056249
2366	5.088079
2367	5.601496
2368	5.614019
2369	5.539690
2370	5.508669
2371	5.825252
2372	5.653244
2373	5.599717
2374	5.385058
2375	4.989370
2376	4.778280
2377	4.576548
2378	4.996811
2379	5.271694
2380	5.136134
2381	4.898397
2382	5.312475
2383	5.807035
2384	5.740719
2385	5.488371
2386	5.582253
2387	5.328107
2388	5.158981
2389	4.837273
2390	4.690156
2391	4.959551
2392	5.204578
2393	5.038612
2394	5.450803
2395	5.636669
2396	5.586964
2397	5.301030
2398	5.283360
2399	5.303558
2400	5.096646
2401	5.016265
2402	5.096071
2403	5.336482
2404	5.554640
2405	5.468167
2406	5.473958
2407	5.648438
2408	5.312691
2409	5.234134
2410	5.172940
2411	5.143923
2412	5.240162
2413	5.162748
2414	5.043957
2415	5.038313
2416	4.944433
2417	5.053619
2418	5.250132
2419	5.405751
2420	5.260248
2421	5.189738
2422	5.298787
2423	5.169729
2424	4.815452
2425	4.640972
2426	4.621831
2427	4.769763
2428	5.125463
2429	5.581409
2430	5.835767
2431	5.696034
2432	5.582232
2433	5.105419
2434	5.035245
2435	4.766514
2436	4.855259
2437	5.128362
2438	5.328246
2439	5.650546
2440	5.827300
2441	5.932422
2442	5.621159
2443	5.332513
2444	5.176478
2445	4.972422
2446	5.074952
2447	5.129671
2448	5.422605
2449	5.319930
2450	5.351456
2451	5.309112
2452	5.466961
2453	5.485411
2454	5.296157
2455	5.272457
2456	5.328577
2457	5.370000
2458	5.479415
2459	5.527406
2460	5.396803
2461	5.312822
2462	5.279147
2463	5.057936
2464	5.044025
2465	5.316103
2466	5.366675
2467	5.472006
2468	5.273208
2469	5.455306
2470	5.235930
2471	4.951443
2472	4.906937
2473	5.023457
2474	4.970257
2475	5.260822
2476	5.453758
2477	5.525885
2478	5.351526
2479	5.515283
2480	5.796681
2481	5.550260
2482	5.100970
2483	4.841500
2484	5.133286
2485	5.202278
2486	5.179887
2487	5.043050
2488	4.911433
2489	4.819727
2490	4.685458
2491	4.881089
2492	4.931641
2493	4.892456
2494	4.822807
2495	5.106554
2496	5.433121
2497	5.247822
2498	5.252573
2499	5.287728
2500	5.184852
2501	5.292133
2502	5.483576
2503	5.565718
2504	5.592529
2505	5.404813
2506	5.468524
2507	5.250721
2508	5.129878
2509	4.848905
2510	4.862676
2511	4.938463
2512	5.327083
2513	5.050788
2514	4.797249
2515	4.945065
2516	4.828689
2517	5.252284
2518	5.476658
2519	5.490686
2520	5.711013
2521	5.604374
2522	5.642219
2523	5.432667
2524	5.293262
2525	5.189921
2526	5.174336
2527	5.076022
2528	4.798799
2529	4.799171
2530	5.189738
2531	5.140722
2532	5.030717
2533	4.916926
2534	5.176930
2535	5.026008
2536	5.249718
2537	4.971900
2538	4.892298
2539	4.825128
2540	4.913769
2541	4.808689
2542	4.964275
2543	4.595115
2544	4.770447
2545	5.075205
2546	5.433630
2547	5.471857
2548	5.163222
2549	4.983706
2550	4.899054
2551	4.720469
2552	4.747976
2553	4.721519
2554	4.798538
2555	4.851697
2556	4.865564
2557	5.161300
2558	5.313603
2559	5.488414
2560	5.343082
