0	0.945013
1	0.954911
2	1.159929
3	0.994613
4	1.002711
5	1.111467
6	0.904044
7	1.075127
8	1.115554
9	0.977105
10	0.974182
11	1.118122
12	0.965091
13	1.049090
14	0.997644
15	1.083403
16	0.972895
17	1.027672
18	1.055031
19	1.069654
20	0.966079
21	1.068805
22	1.008416
23	1.043920
24	1.025730
25	0.988101
26	1.050544
27	0.969975
28	1.036541
29	1.119304
30	0.962835
31	1.035251
32	1.024964
33	1.013518
34	1.093444
35	0.922075
36	1.092728
37	1.086807
38	0.946596
39	1.147935
40	1.017148
41	1.001672
42	1.068274
43	1.019122
44	1.051671
45	1.007817
46	1.010523
47	1.082669
48	1.002905
49	1.120596
50	1.036209
51	0.980952
52	1.121272
53	0.997794
54	1.054029
55	1.024471
56	0.955153
57	1.171171
58	1.024224
59	0.960648
60	1.086135
61	0.995506
62	1.024634
63	1.062276
64	0.975363
65	1.062581
66	1.089837
67	1.000708
68	1.076144
69	1.091337
70	1.036998
71	1.036838
72	1.087531
73	0.953710
74	1.019585
75	1.067137
76	1.012300
77	1.099753
78	0.939869
79	1.098854
80	1.035497
81	0.946331
82	1.201470
83	0.934628
84	0.984212
85	1.155656
86	0.970512
87	0.953253
88	1.027119
89	1.031680
90	1.056379
91	0.962184
92	1.045403
93	0.994954
94	1.002731
95	1.079115
96	1.007180
97	1.006342
98	1.097981
99	1.021383
100	0.956758
101	1.078991
102	1.015404
103	1.028273
104	1.068614
105	0.962876
106	1.150847
107	0.964679
108	0.990399
109	1.103112
110	1.043294
111	1.019943
112	1.070762
113	0.980344
114	1.004202
115	1.092090
116	1.040411
117	1.035195
118	1.001109
119	0.962844
120	1.100497
121	0.945082
122	1.081137
123	1.053334
124	0.960412
125	1.049277
126	1.037569
127	0.993628
128	1.122327
129	0.936665
130	1.216721
131	0.947296
132	1.023238
133	1.071231
134	0.927907
135	1.142948
136	0.941532
137	1.149137
138	0.942214
139	1.054098
140	1.083221
141	1.040227
142	1.090511
143	0.975130
144	1.098921
145	1.040396
146	1.037168
147	1.118242
148	0.924535
149	1.099624
150	1.011967
151	1.063709
152	0.984967
153	0.983117
154	1.019854
155	1.052844
156	1.070379
157	1.012213
158	0.990527
159	1.068356
160	1.085546
161	0.935658
162	1.088936
163	1.002681
164	0.958923
165	1.165936
166	0.966431
167	1.071080
168	1.050185
169	0.986946
170	1.052373
171	0.997182
172	1.066473
173	1.013200
174	1.022171
175	1.034866
176	1.010458
177	1.006967
178	1.086733
179	0.978898
180	1.091194
181	1.052445
182	1.058191
183	1.069342
184	1.010962
185	1.101579
186	0.953082
187	1.159845
188	0.962350
189	1.125459
190	0.984577
191	1.023112
192	1.082526
193	1.014992
194	1.060855
195	1.040925
196	1.042467
197	1.144543
198	0.941926
199	1.130454
200	1.006492
201	1.198063
202	1.034373
203	1.121623
204	0.981766
205	1.071616
206	1.130383
207	0.927135
208	1.133584
209	0.946468
210	1.093270
211	1.058314
212	0.910929
213	1.154561
214	1.003521
215	0.946409
216	1.055823
217	1.034630
218	1.023557
219	1.056388
220	1.051957
221	1.031083
222	1.041634
223	1.024302
224	1.091474
225	1.005885
226	1.038624
227	1.046794
228	1.008530
229	1.006413
230	1.058764
231	1.019303
232	1.046477
233	0.984706
234	1.045753
235	1.043841
236	0.970719
237	1.104077
238	0.988713
239	1.036819
240	1.099905
241	0.977802
242	1.036547
243	1.059877
244	1.054352
245	1.030994
246	1.015868
247	1.042969
248	1.064787
249	1.011845
250	1.073593
251	0.958471
252	1.103801
253	1.046830
254	0.961616
255	1.043696
256	1.075512
257	1.068360
258	0.997513
259	1.040584
260	1.004201
261	1.057917
262	1.046490
263	0.996991
264	1.058534
265	0.975563
266	1.080850
267	1.036804
268	1.015232
269	1.047128
270	0.963147
271	1.072434
272	0.990860
273	1.036202
274	1.067717
275	0.995278
276	1.071595
277	1.047737
278	0.961364
279	1.106454
280	1.014266
281	0.999137
282	1.051979
283	1.006026
284	1.068493
285	1.031666
286	1.002898
287	1.036773
288	0.983733
289	1.057592
290	1.031215
291	1.015895
292	1.001375
293	0.983127
294	0.991340
295	1.068511
296	1.018584
297	1.043083
298	1.013382
299	1.053706
300	0.971166
301	0.991302
302	1.017227
303	1.029126
304	1.090475
305	0.986161
306	1.003775
307	1.045117
308	1.127923
309	1.039834
310	1.037106
311	0.987809
312	1.005284
313	1.068167
314	1.031269
315	1.006022
316	1.021165
317	1.012440
318	1.070489
319	1.041008
320	1.037446
321	1.071932
322	0.964558
323	1.138763
324	0.990492
325	1.014902
326	1.043461
327	1.046914
328	1.000759
329	1.102049
330	0.998673
331	1.016975
332	1.071527
333	1.001340
334	1.107805
335	0.954460
336	1.035410
337	1.076762
338	0.969397
339	1.113396
340	1.003906
341	1.031261
342	1.094762
343	0.970792
344	1.134172
345	0.924283
346	1.142054
347	0.991057
348	1.071667
349	1.042391
350	0.969549
351	1.121163
352	0.979131
353	1.074933
354	1.033978
355	0.990273
356	1.090943
357	0.963268
358	1.113606
359	1.051330
360	0.978553
361	1.058544
362	1.049611
363	1.054292
364	1.005111
365	1.055449
366	1.051511
367	1.069977
368	1.009821
369	0.992595
370	1.088476
371	0.984796
372	1.018579
373	1.082167
374	0.985367
375	1.049006
376	1.018885
377	1.083355
378	0.991319
379	1.041866
380	1.022770
381	1.001929
382	1.128867
383	0.983540
384	0.945056
385	1.026068
386	1.023686
387	1.082972
388	1.013751
389	1.026109
390	1.064364
391	0.984172
392	1.055751
393	1.038108
394	0.997739
395	1.037753
396	1.045393
397	1.027883
398	1.003138
399	1.070717
400	1.020431
401	1.009855
402	1.092557
403	0.983553
404	1.071875
405	1.073611
406	0.978296
407	1.091920
408	0.993259
409	1.085654
410	1.011407
411	1.040764
412	1.066362
413	0.976514
414	1.117071
415	0.970899
416	1.075536
417	1.014151
418	0.939147
419	1.109030
420	0.976142
421	1.068726
422	1.082989
423	0.964734
424	1.118278
425	0.963389
426	1.133971
427	0.946895
428	1.161841
429	0.936200
430	1.103920
431	0.999666
432	1.070261
433	1.095412
434	0.986726
435	1.134301
436	0.942112
437	1.120327
438	0.919061
439	1.167545
440	1.014117
441	1.102744
442	1.032672
443	0.991104
444	1.156417
445	0.972676
446	1.116730
447	0.994278
448	1.048409
449	1.123621
450	0.989916
451	1.137501
452	0.984219
453	1.111752
454	0.946800
455	1.140091
456	0.976808
457	1.050899
458	1.056766
459	0.988536
460	1.127363
461	1.009467
462	1.001029
463	1.144746
464	0.954203
465	1.098916
466	1.025431
467	0.934045
468	1.216098
469	0.952023
470	1.096056
471	0.980720
472	1.039927
473	1.086346
474	1.004868
475	1.068856
476	1.018335
477	1.114615
478	0.946068
479	1.116306
480	0.959665
481	1.167015
482	0.926960
483	1.200480
484	0.904791
485	1.196005
486	0.948298
487	1.103234
488	1.005827
489	1.065408
490	1.052873
491	0.958843
492	1.113949
493	0.980112
494	1.120915
495	0.988699
496	1.061881
497	1.036212
498	0.968421
499	1.097170
500	0.955469
501	1.074435
502	1.067036
503	0.980762
504	1.123267
505	0.950904
506	1.041532
507	1.024859
508	1.020916
509	1.034085
510	1.087760
511	0.990687
512	1.072872
513	1.017976
514	1.031114
515	1.083666
516	0.964030
517	1.156621
518	0.987242
519	1.035099
520	1.040359
521	0.895564
522	0.916000
523	0.925991
524	0.896882
525	0.846347
526	0.836588
527	0.865866
528	0.905760
529	0.908488
530	0.878352
531	0.872015
532	0.866201
533	0.872868
534	0.868266
535	0.879368
536	0.905300
537	0.928840
538	0.919671
539	0.885040
540	0.866085
541	0.858077
542	0.877070
543	0.894450
544	0.887711
545	0.892333
546	0.888853
547	0.863085
548	0.844440
549	0.855520
550	0.881679
551	0.909389
552	0.898626
553	0.896964
554	0.910841
555	0.900258
556	0.849434
557	0.839343
558	0.875939
559	0.913688
560	0.885406
561	0.861500
562	0.854829
563	0.895753
564	0.935548
565	0.892423
566	0.926369
567	0.950243
568	0.869725
569	0.903142
570	0.901920
571	0.846090
572	0.903432
573	0.911379
574	0.879316
575	0.866274
576	0.962572
577	0.880835
578	0.894495
579	0.923012
580	0.844408
581	0.917960
582	0.906470
583	0.865243
584	0.928808
585	0.912041
586	0.872805
587	0.936885
588	0.884280
589	0.882108
590	0.950149
591	0.867110
592	0.905699
593	0.905088
594	0.850056
595	0.884530
596	0.909067
597	0.865493
598	0.881763
599	0.943999
600	0.900524
601	0.894810
602	0.899074
603	0.891314
604	0.897636
605	0.907919
606	0.897228
607	0.941134
608	0.923439
609	0.873480
610	0.953292
611	0.912872
612	0.892063
613	0.929457
614	0.886225
615	0.890506
616	0.950249
617	0.924496
618	0.897615
619	0.923032
620	0.945792
621	0.855748
622	0.925635
623	0.852978
624	0.950386
625	0.911292
626	0.878821
627	0.954249
628	0.925049
629	0.911177
630	0.945099
631	0.936370
632	0.940374
633	0.949784
634	0.924411
635	0.914451
636	0.941637
637	0.898874
638	0.909853
639	0.966260
640	0.873053
641	0.933464
642	1.029267
643	0.994793
644	0.905699
645	0.861881
646	1.002350
647	0.987527
648	0.992288
649	0.885729
650	0.919329
651	0.963244
652	1.011520
653	0.963239
654	0.917589
655	0.900483
656	0.902282
657	0.962732
658	0.947686
659	0.993576
660	0.969016
661	0.956923
662	0.952803
663	0.952736
664	0.939634
665	0.904886
666	0.968864
667	0.982847
668	0.979944
669	0.986016
670	0.958011
671	0.913396
672	0.891211
673	0.981982
674	0.953392
675	0.961936
676	0.966353
677	0.942924
678	0.947139
679	0.941169
680	0.925858
681	0.947007
682	0.962490
683	0.936277
684	0.982758
685	0.995267
686	0.996410
687	1.020255
688	0.995516
689	0.982623
690	0.944292
691	0.935116
692	0.957432
693	1.009840
694	1.010138
695	0.989448
696	0.949250
697	0.988114
698	1.009064
699	1.000152
700	0.965756
701	0.922706
702	0.933927
703	0.987089
704	1.029211
705	0.997753
706	0.958782
707	0.952001
708	0.934552
709	0.965854
710	0.996031
711	1.004496
712	1.045876
713	1.024454
714	1.009663
715	0.947964
716	0.922532
717	0.935338
718	0.976116
719	1.017729
720	1.018180
721	0.973060
722	1.138799
723	0.941602
724	1.088817
725	1.006875
726	1.010251
727	1.041170
728	1.021935
729	1.047849
730	1.055864
731	1.010632
732	1.011684
733	1.039994
734	1.033497
735	1.094836
736	0.971828
737	1.029237
738	1.042484
739	0.984421
740	1.058244
741	1.017407
742	1.043910
743	1.104595
744	1.027743
745	1.112028
746	0.951260
747	1.095416
748	1.026603
749	1.056653
750	1.094695
751	0.944596
752	1.131973
753	0.957403
754	1.026064
755	1.014550
756	0.966156
757	1.120747
758	1.010480
759	1.062418
760	1.018393
761	0.994753
762	1.196681
763	1.014868
764	1.148708
765	1.188614
766	0.995418
767	1.169838
768	1.179844
769	1.012940
770	1.052355
771	1.209830
772	1.148854
773	1.012026
774	1.074507
775	1.158661
776	1.073109
777	1.013238
778	1.065724
779	1.131924
780	1.051971
781	1.128192
782	1.200195
783	0.987658
784	1.160787
785	1.060461
786	1.043424
787	1.137969
788	1.119393
789	1.077042
790	1.076141
791	1.116283
792	1.071546
793	1.136391
794	1.130197
795	1.027739
796	1.181670
797	1.031305
798	1.069073
799	1.147118
800	1.039468
801	1.275098
802	1.033590
803	1.015566
804	1.220436
805	1.121377
806	1.129242
807	1.246867
808	1.142256
809	1.047787
810	1.081522
811	1.151151
812	1.141741
813	1.185031
814	1.276946
815	1.126912
816	1.151214
817	1.162931
818	1.097684
819	1.119137
820	1.192777
821	1.236083
822	1.250186
823	1.118588
824	1.112416
825	1.196825
826	1.048824
827	1.010474
828	1.346644
829	1.164753
830	1.175780
831	1.101259
832	1.248076
833	1.111964
834	1.128547
835	1.140827
836	1.190922
837	1.153391
838	1.126742
839	1.176319
840	1.160916
841	1.199370
842	1.223532
843	1.240719
844	1.184035
845	1.126333
846	1.196979
847	1.173097
848	1.163033
849	1.203717
850	1.213771
851	1.188082
852	1.173633
853	1.175551
854	1.221676
855	1.194689
856	1.166307
857	1.314911
858	1.178758
859	1.134015
860	1.225729
861	1.325885
862	1.131339
863	1.074421
864	1.217585
865	1.250196
866	1.172256
867	1.109424
868	1.240720
869	1.185637
870	1.142419
871	1.143405
872	1.219909
873	1.150370
874	1.261633
875	1.191675
876	1.207076
877	1.147146
878	1.240538
879	1.191826
880	1.137490
881	1.221804
882	1.152878
883	1.228377
884	1.220065
885	1.144654
886	1.206384
887	1.165614
888	1.245699
889	1.301183
890	1.193834
891	1.146236
892	1.288334
893	1.195387
894	1.209908
895	1.316020
896	1.333318
897	1.273534
898	1.194433
899	1.268187
900	1.260600
901	1.215571
902	1.164551
903	1.234754
904	1.205970
905	1.190832
906	1.234959
907	1.203360
908	1.300007
909	1.218306
910	1.183840
911	1.233239
912	1.198699
913	1.268349
914	1.269226
915	1.215434
916	1.216577
917	1.206799
918	1.225214
919	1.250436
920	1.208345
921	1.170668
922	1.215755
923	1.264745
924	1.219080
925	1.247305
926	1.274646
927	1.218875
928	1.227042
929	1.191310
930	1.257223
931	1.346219
932	1.246569
933	1.351700
934	1.242694
935	1.271571
936	1.322958
937	1.215456
938	1.259649
939	1.272829
940	1.160863
941	1.160104
942	1.287246
943	1.292654
944	1.336579
945	1.192171
946	1.228015
947	1.271017
948	1.244125
949	1.239336
950	1.255567
951	1.174326
952	1.201206
953	1.200929
954	1.209947
955	1.221393
956	1.198166
957	1.270033
958	1.263338
959	1.305751
960	1.239754
961	1.291067
962	1.265979
963	1.225296
964	1.241767
965	1.287857
966	1.381935
967	1.249498
968	1.173867
969	1.288048
970	1.296834
971	1.240659
972	1.264392
973	1.259229
974	1.348807
975	1.255790
976	1.235807
977	1.311195
978	1.211516
979	1.204056
980	1.290278
981	1.306803
982	1.292203
983	1.300194
984	1.194766
985	1.321946
986	1.333717
987	1.315700
988	1.260920
989	1.284171
990	1.248786
991	1.244681
992	1.243579
993	1.321334
994	1.214407
995	1.223497
996	1.285009
997	1.259630
998	1.266326
999	1.287698
1000	1.211326
1001	1.315238
1002	1.293287
1003	1.243374
1004	1.329729
1005	1.289575
1006	1.157907
1007	1.329515
1008	1.312938
1009	1.242782
1010	1.326789
1011	1.318428
1012	1.242072
1013	1.246143
1014	1.309823
1015	1.270669
1016	1.279688
1017	1.312758
1018	1.317530
1019	1.245980
1020	1.335145
1021	1.278921
1022	1.341714
1023	1.231895
1024	1.268044
1025	1.295350
1026	1.223412
1027	1.355720
1028	1.180936
1029	1.289736
1030	1.345028
1031	1.217592
1032	1.223712
1033	1.329447
1034	1.216219
1035	1.349339
1036	1.299467
1037	1.154116
1038	1.360400
1039	1.223226
1040	1.278168
1041	1.282063
1042	1.291903
1043	1.341481
1044	1.306712
1045	1.307560
1046	1.298553
1047	1.203303
1048	1.215286
1049	1.341727
1050	1.309960
1051	1.220417
1052	1.361194
1053	1.369895
1054	1.254586
1055	1.328708
1056	1.271125
1057	1.244277
1058	1.299958
1059	1.317247
1060	1.282770
1061	1.257142
1062	1.317953
1063	1.295762
1064	1.250983
1065	1.268751
1066	1.214757
1067	1.233084
1068	1.321137
1069	1.399219
1070	1.258656
1071	1.268248
1072	1.237602
1073	1.214897
1074	1.295981
1075	1.395902
1076	1.287134
1077	1.184663
1078	1.332101
1079	1.355430
1080	1.336297
1081	1.407972
1082	1.348628
1083	1.333564
1084	1.325194
1085	1.339927
1086	1.328936
1087	1.365665
1088	1.274337
1089	1.321759
1090	1.303301
1091	1.394814
1092	1.273916
1093	1.345876
1094	1.266969
1095	1.317989
1096	1.322449
1097	1.210530
1098	1.282105
1099	1.272265
1100	1.237672
1101	1.312369
1102	1.374738
1103	1.248266
1104	1.314550
1105	1.292088
1106	1.307320
1107	1.322124
1108	1.292590
1109	1.306097
1110	1.310856
1111	1.231781
1112	1.274013
1113	1.299112
1114	1.280460
1115	1.326790
1116	1.241324
1117	1.311323
1118	1.339942
1119	1.313100
1120	1.257598
1121	1.291535
1122	1.360390
1123	1.338292
1124	1.259561
1125	1.391995
1126	1.293315
1127	1.290721
1128	1.439487
1129	1.287846
1130	1.342975
1131	1.425685
1132	1.328267
1133	1.249854
1134	1.309266
1135	1.254006
1136	1.307822
1137	1.399033
1138	1.337454
1139	1.159474
1140	1.211002
1141	1.360016
1142	1.346740
1143	1.305635
1144	1.206617
1145	1.342482
1146	1.349768
1147	1.266431
1148	1.319655
1149	1.375812
1150	1.344819
1151	1.302454
1152	1.307956
1153	1.281386
1154	1.319845
1155	1.296376
1156	1.213681
1157	1.298315
1158	1.277572
1159	1.230877
1160	1.361411
1161	1.307483
1162	1.295901
1163	1.374989
1164	1.371258
1165	1.461586
1166	1.390168
1167	1.331615
1168	1.368914
1169	1.326327
1170	1.380951
1171	1.344174
1172	1.279513
1173	1.286327
1174	1.247042
1175	1.339843
1176	1.356264
1177	1.276045
1178	1.302454
1179	1.292231
1180	1.261144
1181	1.465538
1182	1.395737
1183	1.379528
1184	1.408454
1185	1.408932
1186	1.272203
1187	1.341626
1188	1.299573
1189	1.324116
1190	1.398577
1191	1.372946
1192	1.350920
1193	1.368865
1194	1.289834
1195	1.381444
1196	1.318672
1197	1.405321
1198	1.366444
1199	1.319277
1200	1.262528
1201	1.352246
1202	1.376781
1203	1.330497
1204	1.326479
1205	1.369467
1206	1.305589
1207	1.400267
1208	1.342555
1209	1.261293
1210	1.303429
1211	1.319207
1212	1.326205
1213	1.363132
1214	1.365376
1215	1.277802
1216	1.390599
1217	1.340078
1218	1.326642
1219	1.269581
1220	1.289731
1221	1.376277
1222	1.275962
1223	1.302547
1224	1.364600
1225	1.393320
1226	1.395142
1227	1.295491
1228	1.368453
1229	1.315995
1230	1.311990
1231	1.333996
1232	1.306918
1233	1.277946
1234	1.252357
1235	1.281283
1236	1.355430
1237	1.285248
1238	1.361339
1239	1.424118
1240	1.348342
1241	1.315608
1242	1.349426
1243	1.298638
1244	1.340624
1245	1.267170
1246	1.280181
1247	1.351024
1248	1.291488
1249	1.301262
1250	1.327165
1251	1.358055
1252	1.335251
1253	1.409399
1254	1.414290
1255	1.398896
1256	1.345922
1257	1.347286
1258	1.320265
1259	1.468602
1260	1.255878
1261	1.228482
1262	1.316812
1263	1.382200
1264	1.333978
1265	1.416790
1266	1.429077
1267	1.304974
1268	1.406937
1269	1.417216
1270	1.347967
1271	1.349527
1272	1.339410
1273	1.389354
1274	1.244751
1275	1.289840
1276	1.269016
1277	1.263481
1278	1.446636
1279	1.422661
1280	1.384713
1281	1.417000
1282	1.431730
1283	1.405746
1284	1.405205
1285	1.465490
1286	1.361801
1287	1.323887
1288	1.379514
1289	1.371159
1290	1.399316
1291	1.477937
1292	1.227412
1293	1.260909
1294	1.415180
1295	1.320148
1296	1.416705
1297	1.299501
1298	1.384465
1299	1.280132
1300	1.392156
1301	1.458220
1302	1.413605
1303	1.327383
1304	1.319581
1305	1.402485
1306	1.320391
1307	1.261441
1308	1.455290
1309	1.370835
1310	1.385080
1311	1.404889
1312	1.349715
1313	1.309386
1314	1.361298
1315	1.386560
1316	1.395889
1317	1.349659
1318	1.370132
1319	1.432092
1320	1.484490
1321	1.380789
1322	1.306034
1323	1.318560
1324	1.402352
1325	1.426007
1326	1.306507
1327	1.330916
1328	1.295580
1329	1.395504
1330	1.486651
1331	1.361544
1332	1.334884
1333	1.351470
1334	1.461629
1335	1.415187
1336	1.489961
1337	1.392569
1338	1.358101
1339	1.409246
1340	1.370814
1341	1.337777
1342	1.400340
1343	1.427470
1344	1.435325
1345	1.484800
1346	1.367458
1347	1.316684
1348	1.378853
1349	1.406535
1350	1.328899
1351	1.487136
1352	1.393067
1353	1.336129
1354	1.498284
1355	1.462970
1356	1.232601
1357	1.355076
1358	1.359612
1359	1.281445
1360	1.313276
1361	1.281905
1362	1.287191
1363	1.355006
1364	1.373780
1365	1.376940
1366	1.453468
1367	1.388172
1368	1.389770
1369	1.395352
1370	1.442503
1371	1.306246
1372	1.343298
1373	1.339310
1374	1.320996
1375	1.360677
1376	1.439196
1377	1.451042
1378	1.377551
1379	1.419675
1380	1.359446
1381	1.335936
1382	1.303941
1383	1.316028
1384	1.275862
1385	1.367238
1386	1.349230
1387	1.356970
1388	1.430249
1389	1.389631
1390	1.391641
1391	1.380158
1392	1.275046
1393	1.298272
1394	1.452341
1395	1.302514
1396	1.333399
1397	1.404789
1398	1.297557
1399	1.391730
1400	1.442771
1401	1.375718
1402	1.402141
1403	1.398987
1404	1.402456
1405	1.363327
1406	1.353619
1407	1.390882
1408	1.465616
1409	1.453975
1410	1.447110
1411	1.458475
1412	1.455950
1413	1.521745
1414	1.408505
1415	1.298642
1416	1.375577
1417	1.477682
1418	1.381107
1419	1.372006
1420	1.424468
1421	1.370454
1422	1.363603
1423	1.377182
1424	1.392412
1425	1.359394
1426	1.397761
1427	1.485589
1428	1.476659
1429	1.359707
1430	1.329421
1431	1.488171
1432	1.451725
1433	1.430564
1434	1.346036
1435	1.364932
1436	1.393466
1437	1.432599
1438	1.339821
1439	1.285925
1440	1.465846
1441	1.453024
1442	1.407214
1443	1.387216
1444	1.437257
1445	1.530850
1446	1.409202
1447	1.405865
1448	1.401301
1449	1.391366
1450	1.484605
1451	1.429226
1452	1.338988
1453	1.629671
1454	1.399410
1455	1.374089
1456	1.334397
1457	1.360591
1458	1.366769
1459	1.535681
1460	1.449378
1461	1.398080
1462	1.438719
1463	1.442311
1464	1.385180
1465	1.339452
1466	1.342090
1467	1.521060
1468	1.398286
1469	1.405603
1470	1.438240
1471	1.384893
1472	1.342235
1473	1.380761
1474	1.438795
1475	1.436607
1476	1.354773
1477	1.483926
1478	1.435513
1479	1.403516
1480	1.411745
1481	1.402990
1482	1.477239
1483	1.576280
1484	1.349812
1485	1.365572
1486	1.411826
1487	1.460997
1488	1.440896
1489	1.441563
1490	1.475740
1491	1.376518
1492	1.484450
1493	1.428912
1494	1.392393
1495	1.368625
1496	1.495781
1497	1.457037
1498	1.420645
1499	1.412327
1500	1.550039
1501	1.443935
1502	1.391958
1503	1.441846
1504	1.463854
1505	1.394133
1506	1.487193
1507	1.445365
1508	1.471882
1509	1.519653
1510	1.428699
1511	1.392218
1512	1.348418
1513	1.386237
1514	1.424933
1515	1.370815
1516	1.417660
1517	1.442493
1518	1.325616
1519	1.408458
1520	1.467546
1521	1.431977
1522	1.569809
1523	1.351597
1524	1.402030
1525	1.399939
1526	1.529851
1527	1.397033
1528	1.447542
1529	1.488604
1530	1.482496
1531	1.513007
1532	1.520059
1533	1.506775
1534	1.461444
1535	1.410875
1536	1.403862
1537	1.411220
1538	1.501333
1539	1.411314
1540	1.349289
1541	1.365569
1542	1.519928
1543	1.453314
1544	1.352995
1545	1.424831
1546	1.412733
1547	1.496081
1548	1.417725
1549	1.401133
1550	1.333397
1551	1.363293
1552	1.372135
1553	1.342196
1554	1.479605
1555	1.434541
1556	1.543866
1557	1.598579
1558	1.314899
1559	1.434857
1560	1.611085
1561	1.353136
1562	1.321715
1563	1.368886
1564	1.498324
1565	1.619620
1566	1.456977
1567	1.434488
1568	1.440710
1569	1.444152
1570	1.610208
1571	1.403122
1572	1.428848
1573	1.472876
1574	1.340363
1575	1.406861
1576	1.505848
1577	1.398970
1578	1.539706
1579	1.472517
1580	1.454931
1581	1.462415
1582	1.405028
1583	1.441713
1584	1.470621
1585	1.397403
1586	1.372086
1587	1.407676
1588	1.431612
1589	1.466421
1590	1.372055
1591	1.392340
1592	1.400441
1593	1.357900
1594	1.435831
1595	1.465351
1596	1.470496
1597	1.406778
1598	1.441308
1599	1.385141
1600	1.391910
1601	1.368226
1602	1.486952
1603	1.421380
1604	1.323352
1605	1.506259
1606	1.378347
1607	1.625231
1608	1.415449
1609	1.444553
1610	1.426452
1611	1.637305
1612	1.441976
1613	1.395160
1614	1.476375
1615	1.398220
1616	1.569725
1617	1.469764
1618	1.398311
1619	1.486446
1620	1.354650
1621	1.428518
1622	1.419367
1623	1.418103
1624	1.420045
1625	1.458366
1626	1.354533
1627	1.440938
1628	1.651000
1629	1.386222
1630	1.447084
1631	1.318559
1632	1.442269
1633	1.597396
1634	1.499227
1635	1.493644
1636	1.462505
1637	1.619531
1638	1.596690
1639	1.425064
1640	1.568968
1641	1.507379
1642	1.428386
1643	1.460271
1644	1.445037
1645	1.610436
1646	1.494392
1647	1.417742
1648	1.486893
1649	1.551245
1650	1.546240
1651	1.529003
1652	1.472822
1653	1.536031
1654	1.447929
1655	1.422969
1656	1.529994
1657	1.359751
1658	1.434202
1659	1.379548
1660	1.622067
1661	1.730001
1662	1.431698
1663	1.604940
1664	1.514092
1665	1.341475
1666	1.557225
1667	1.429339
1668	1.383687
1669	1.485809
1670	1.507525
1671	1.570744
1672	1.457484
1673	1.417238
1674	1.473115
1675	1.531311
1676	1.444000
1677	1.503324
1678	1.421597
1679	1.457276
1680	1.443188
1681	1.408386
1682	1.464568
1683	1.535154
1684	1.431240
1685	1.358875
1686	1.444085
1687	1.406393
1688	1.395252
1689	1.539836
1690	1.622204
1691	1.533817
1692	1.496269
1693	1.449676
1694	1.531147
1695	1.554068
1696	1.471254
1697	1.399476
1698	1.568347
1699	1.479976
1700	1.448624
1701	1.462688
1702	1.522962
1703	1.480748
1704	1.478781
1705	1.456380
1706	1.421277
1707	1.450795
1708	1.573451
1709	1.369164
1710	1.452665
1711	1.472045
1712	1.442804
1713	1.457858
1714	1.358584
1715	1.379571
1716	1.540603
1717	1.463058
1718	1.661976
1719	1.385267
1720	1.580655
1721	1.406278
1722	1.440608
1723	1.392897
1724	1.476032
1725	1.446207
1726	1.481643
1727	1.717000
1728	1.460323
1729	1.509650
1730	1.575001
1731	1.672005
1732	1.468095
1733	1.528448
1734	1.525427
1735	1.511054
1736	1.498243
1737	1.406520
1738	1.590234
1739	1.417262
1740	1.439028
1741	1.471525
1742	1.513808
1743	1.443478
1744	1.373675
1745	1.493984
1746	1.486063
1747	1.349998
1748	1.421348
1749	1.499454
1750	1.441641
1751	1.449892
1752	1.518373
1753	1.454681
1754	1.504654
1755	1.415091
1756	1.456061
1757	1.477473
1758	1.483791
1759	1.521242
1760	1.560747
1761	1.554967
1762	1.417229
1763	1.464115
1764	1.456573
1765	1.562861
1766	1.464312
1767	1.545511
1768	1.452477
1769	1.513810
1770	1.536533
1771	1.476968
1772	1.542320
1773	1.560934
1774	1.482252
1775	1.553180
1776	1.636480
1777	1.444165
1778	1.447283
1779	1.565342
1780	1.585825
1781	1.544402
1782	1.525097
1783	1.516261
1784	1.520857
1785	1.553630
1786	1.456176
1787	1.485072
1788	1.531319
1789	1.339914
1790	1.433624
1791	1.526658
1792	1.506559
1793	1.496001
1794	1.530115
1795	1.457563
1796	1.445470
1797	1.467156
1798	1.395173
1799	1.519812
1800	1.480456
1801	1.486596
1802	1.607334
1803	1.494168
1804	1.594751
1805	1.584144
1806	1.496225
1807	1.430443
1808	1.471052
1809	1.554091
1810	1.451442
1811	1.547875
1812	1.526250
1813	1.407273
1814	1.329246
1815	1.636372
1816	1.516297
1817	1.487230
1818	1.543178
1819	1.570279
1820	1.559922
1821	1.592293
1822	1.501747
1823	1.621934
1824	1.520465
1825	1.576005
1826	1.544463
1827	1.525733
1828	1.385293
1829	1.551442
1830	1.696059
1831	1.461715
1832	1.541756
1833	1.655713
1834	1.486179
1835	1.374335
1836	1.629620
1837	1.481020
1838	1.359636
1839	1.526999
1840	1.398662
1841	1.404850
1842	1.649820
1843	1.598657
1844	1.521139
1845	1.592761
1846	1.582120
1847	1.631882
1848	1.474435
1849	1.573102
1850	1.553184
1851	1.537114
1852	1.505433
1853	1.480626
1854	1.499118
1855	1.523541
1856	1.451323
1857	1.470384
1858	1.484034
1859	1.483231
1860	1.479648
1861	1.505825
1862	1.495688
1863	1.553868
1864	1.479378
1865	1.513961
1866	1.471588
1867	1.529467
1868	1.541485
1869	1.463500
1870	1.650473
1871	1.506761
1872	1.486073
1873	1.623886
1874	1.538140
1875	1.468710
1876	1.538639
1877	1.414794
1878	1.472178
1879	1.546693
1880	1.581743
1881	1.510300
1882	1.671424
1883	1.631731
1884	1.653663
1885	1.509537
1886	1.552420
1887	1.525581
1888	1.626631
1889	1.575319
1890	1.621957
1891	1.487593
1892	1.495965
1893	1.476048
1894	1.712411
1895	1.447845
1896	1.524439
1897	1.561962
1898	1.495352
1899	1.512595
1900	1.488617
1901	1.498779
1902	1.503772
1903	1.459257
1904	1.606182
1905	1.559205
1906	1.489198
1907	1.557001
1908	1.522550
1909	1.520601
1910	1.557911
1911	1.449412
1912	1.491542
1913	1.480899
1914	1.457772
1915	1.573229
1916	1.467891
1917	1.556373
1918	1.555575
1919	1.532381
1920	1.517958
1921	1.642365
1922	1.568204
1923	1.602639
1924	1.503338
1925	1.666718
1926	1.480189
1927	1.676189
1928	1.515264
1929	1.603361
1930	1.491510
1931	1.631375
1932	1.505207
1933	1.481594
1934	1.620838
1935	1.592411
1936	1.575135
1937	1.564103
1938	1.485360
1939	1.724241
1940	1.571420
1941	1.478662
1942	1.519738
1943	1.624309
1944	1.452273
1945	1.613892
1946	1.627473
1947	1.632779
1948	1.546101
1949	1.769741
1950	1.598258
1951	1.536889
1952	1.566511
1953	1.662775
1954	1.429258
1955	1.550619
1956	1.473438
1957	1.584843
1958	1.366950
1959	1.596038
1960	1.558168
1961	1.572385
1962	1.568824
1963	1.647347
1964	1.561559
1965	1.612705
1966	1.544914
1967	1.514046
1968	1.483964
1969	1.607327
1970	1.517887
1971	1.403530
1972	1.484574
1973	1.626742
1974	1.553187
1975	1.464512
1976	1.820338
1977	1.493483
1978	1.520703
1979	1.558450
1980	1.522624
1981	1.533722
1982	1.520823
1983	1.843050
1984	1.621848
1985	1.515763
1986	1.674273
1987	1.573300
1988	1.483890
1989	1.444354
1990	1.592894
1991	1.421623
1992	1.611269
1993	1.631368
1994	1.541603
1995	1.553715
1996	1.494469
1997	1.546762
1998	1.599371
1999	1.585505
2000	1.627974
2001	1.623753
2002	1.477659
2003	1.508475
2004	1.583261
2005	1.457942
2006	1.534218
2007	1.593628
2008	1.532852
2009	1.522854
2010	1.732976
2011	1.580173
2012	1.463241
2013	1.510642
2014	1.691435
2015	1.552635
2016	1.458003
2017	1.513798
2018	1.593546
2019	1.450179
2020	1.633343
2021	1.499749
2022	1.456501
2023	1.471750
2024	1.525798
2025	1.529933
2026	1.505440
2027	1.636513
2028	1.587684
2029	1.579513
2030	1.616985
2031	1.678336
2032	1.586160
2033	1.522400
2034	1.651683
2035	1.587896
2036	1.634325
2037	1.498821
2038	1.711191
2039	1.571101
2040	1.519508
2041	1.529076
2042	1.697738
2043	1.480637
2044	1.572043
2045	1.692042
2046	1.634124
2047	1.608670
2048	1.657982
2049	1.578433
2050	1.640344
2051	1.653749
2052	1.684902
2053	1.590832
2054	1.624124
2055	1.584152
2056	1.406530
2057	1.584320
2058	1.702750
2059	1.644979
2060	1.580934
2061	1.608547
2062	1.581448
2063	1.617624
2064	1.577510
2065	1.546549
2066	1.698023
2067	1.639811
2068	1.492539
2069	1.595425
2070	1.626221
2071	1.473542
2072	1.541840
2073	1.628254
2074	1.668670
2075	1.589931
2076	1.641036
2077	1.528282
2078	1.571140
2079	1.632977
2080	1.592679
2081	1.689136
2082	1.643992
2083	1.601609
2084	1.552621
2085	1.502152
2086	1.565509
2087	1.708349
2088	1.617889
2089	1.796629
2090	1.597624
2091	1.598425
2092	1.603511
2093	1.540734
2094	1.469144
2095	1.580212
2096	1.619454
2097	1.652053
2098	1.677907
2099	1.506535
2100	1.711084
2101	1.462441
2102	1.594509
2103	1.595787
2104	1.516793
2105	1.614221
2106	1.551116
2107	1.736971
2108	1.528343
2109	1.534861
2110	1.526736
2111	1.564921
2112	1.731494
2113	1.627351
2114	1.729940
2115	1.643888
2116	1.492571
2117	1.496985
2118	1.633976
2119	1.542594
2120	1.497604
2121	1.596956
2122	1.646332
2123	1.495594
2124	1.578577
2125	1.619637
2126	1.688950
2127	1.606274
2128	1.613809
2129	1.546636
2130	1.479000
2131	1.585765
2132	1.737927
2133	1.475821
2134	1.710520
2135	1.593731
2136	1.619201
2137	1.497714
2138	1.616284
2139	1.627842
2140	1.473686
2141	1.491800
2142	1.669527
2143	1.601954
2144	1.609266
2145	1.613603
2146	1.609290
2147	1.615468
2148	1.562576
2149	1.546752
2150	1.547271
2151	1.562768
2152	1.640567
2153	1.561791
2154	1.701487
2155	1.531941
2156	1.434658
2157	1.667372
2158	1.634619
2159	1.487188
2160	1.563855
2161	1.653951
2162	1.618796
2163	1.525385
2164	1.680699
2165	1.595454
2166	1.595966
2167	1.685430
2168	1.599183
2169	1.483794
2170	1.554283
2171	1.857547
2172	1.406320
2173	1.908682
2174	1.617492
2175	1.613330
2176	1.643578
2177	1.739679
2178	1.658827
2179	1.645782
2180	1.720827
2181	1.654133
2182	1.581914
2183	1.558692
2184	1.632467
2185	1.607650
2186	1.585880
2187	1.683643
2188	1.708186
2189	1.514901
2190	1.750595
2191	1.552395
2192	1.573382
2193	1.539518
2194	1.546852
2195	1.565134
2196	1.652791
2197	1.623627
2198	1.661505
2199	1.646946
2200	1.564668
2201	1.626141
2202	1.573305
2203	1.458616
2204	1.621118
2205	1.571194
2206	1.604402
2207	1.602093
2208	1.652211
2209	1.579938
2210	1.591632
2211	1.474316
2212	1.528612
2213	1.638536
2214	1.581406
2215	1.563769
2216	1.532014
2217	1.853993
2218	1.575757
2219	1.539576
2220	1.495153
2221	1.536492
2222	1.434082
2223	1.749815
2224	1.619038
2225	1.583927
2226	1.646620
2227	1.892843
2228	1.496894
2229	1.744084
2230	1.530421
2231	1.595318
2232	1.468940
2233	1.661655
2234	1.486518
2235	1.532654
2236	1.655386
2237	1.560052
2238	1.617866
2239	1.714205
2240	1.679431
2241	1.720686
2242	1.762265
2243	1.508309
2244	1.662514
2245	1.712386
2246	1.630915
2247	1.595277
2248	1.587697
2249	1.749433
2250	1.767509
2251	1.760092
2252	1.599381
2253	1.535962
2254	1.788818
2255	1.638357
2256	1.735024
2257	1.657803
2258	1.782223
2259	1.526839
2260	1.869130
2261	1.736148
2262	1.710822
2263	1.477321
2264	1.738086
2265	1.698828
2266	1.583822
2267	1.769806
2268	1.757772
2269	1.967350
2270	1.825774
2271	1.833645
2272	1.512956
2273	1.640668
2274	1.648185
2275	1.821043
2276	1.671512
2277	1.857981
2278	1.608145
2279	1.586348
2280	1.563984
2281	1.650762
2282	1.569072
2283	1.513490
2284	1.721088
2285	1.685705
2286	1.580931
2287	1.740288
2288	1.644137
2289	1.701479
2290	1.632891
2291	1.696479
2292	1.610322
2293	1.602111
2294	1.845437
2295	1.722054
2296	1.553160
2297	1.730476
2298	1.783228
2299	1.546894
2300	1.586664
2301	1.759791
2302	1.719061
2303	1.603913
2304	1.638212
2305	1.843330
2306	1.839877
2307	1.765833
2308	1.918835
2309	1.581877
2310	1.782251
2311	1.728536
2312	1.894034
2313	1.695764
2314	1.715597
2315	1.584973
2316	1.807129
2317	1.970170
2318	2.019117
2319	1.775060
2320	1.653363
2321	1.708348
2322	1.644313
2323	1.583658
2324	1.509029
2325	1.721419
2326	1.884422
2327	1.841138
2328	1.685491
2329	1.634738
2330	1.598843
2331	1.658876
2332	1.581018
2333	1.621901
2334	1.679996
2335	1.653736
2336	1.630097
2337	1.654634
2338	1.547061
2339	1.582839
2340	1.616162
2341	1.809436
2342	1.613538
2343	1.683769
2344	1.631249
2345	1.618263
2346	1.532143
2347	1.789806
2348	1.587161
2349	1.715567
2350	1.595978
2351	1.682125
2352	1.598135
2353	1.614219
2354	1.599261
2355	1.629379
2356	1.713320
2357	1.762939
2358	1.632007
2359	1.668771
2360	1.681368
2361	1.692551
2362	1.590851
2363	1.622124
2364	1.768476
2365	1.996327
2366	2.028203
2367	1.659091
2368	1.623676
2369	1.657874
2370	1.708861
2371	1.555794
2372	1.601963
2373	1.693586
2374	1.745458
2375	1.767323
2376	2.020851
2377	2.108977
2378	1.854806
2379	1.662180
2380	1.779999
2381	1.760232
2382	1.657353
2383	1.638812
2384	1.728116
2385	1.591847
2386	1.556316
2387	1.651278
2388	1.515392
2389	1.620980
2390	1.617404
2391	1.961143
2392	1.997584
2393	1.964148
2394	1.507422
2395	1.571915
2396	1.537197
2397	1.705054
2398	1.720397
2399	1.653800
2400	1.763203
2401	1.677432
2402	1.775914
2403	1.740966
2404	1.702340
2405	1.584502
2406	1.637632
2407	1.705189
2408	1.847168
2409	1.592621
2410	1.860268
2411	1.658846
2412	1.807973
2413	1.578186
2414	1.817019
2415	1.541362
2416	1.636620
2417	1.631735
2418	1.631116
2419	1.759179
2420	1.586042
2421	1.733080
2422	1.736981
2423	1.996110
2424	1.733742
2425	1.682317
2426	1.550012
2427	1.558279
2428	1.550556
2429	1.605083
2430	1.812335
2431	1.823568
2432	1.728898
2433	1.656610
2434	1.689682
2435	1.663222
2436	1.784554
2437	1.840377
2438	1.761166
2439	1.672473
2440	1.697156
2441	1.625289
2442	1.694207
2443	1.725592
2444	1.875278
2445	2.117661
2446	2.089421
2447	1.768845
2448	1.847880
2449	1.613208
2450	1.700317
2451	1.657309
2452	1.827979
2453	1.831909
2454	1.838559
2455	1.664403
2456	1.607720
2457	1.785551
2458	1.717886
2459	1.700636
2460	1.687910
2461	1.703329
2462	1.648829
2463	1.663136
2464	1.665166
2465	1.706615
2466	1.858262
2467	1.700820
2468	1.708141
2469	1.604774
2470	1.762772
2471	1.653606
2472	1.634182
2473	1.722040
2474	1.645888
2475	1.700867
2476	1.731642
2477	1.671995
2478	1.728130
2479	1.837336
2480	1.587964
2481	1.702834
2482	1.695743
2483	1.714052
2484	1.638560
2485	1.846910
2486	1.559533
2487	1.628553
2488	1.768464
2489	1.878301
2490	1.845925
2491	1.946146
2492	1.947291
2493	1.758118
2494	1.700460
2495	1.821251
2496	1.671637
2497	1.617917
2498	1.614133
2499	1.812185
2500	1.569761
2501	1.890118
2502	1.628203
2503	1.686718
2504	1.686607
2505	1.853800
2506	1.781405
2507	1.786247
2508	1.744797
2509	1.632558
2510	1.715865
2511	1.719317
2512	1.811126
2513	1.779480
2514	1.705879
2515	1.625451
2516	1.747932
2517	1.696930
2518	1.539238
2519	1.573025
2520	1.743969
2521	1.834751
2522	1.704411
2523	1.932055
2524	1.621058
2525	1.754381
2526	1.702795
2527	1.709442
2528	1.627772
2529	1.879259
2530	1.878075
2531	1.776727
2532	1.703267
2533	2.010233
2534	1.737260
2535	1.721178
2536	1.738977
2537	1.897153
2538	1.962054
2539	1.646904
2540	1.752857
2541	1.729877
2542	1.684835
2543	1.654055
2544	1.751384
2545	1.623276
2546	1.781709
2547	1.924748
2548	1.680089
2549	1.831513
2550	1.890759
2551	1.917317
2552	1.559120
2553	1.725216
2554	1.725709
2555	1.599992
2556	1.662809
2557	1.795390
2558	1.843873
2559	1.622005
2560	1.776986
