0	2.132397
1	2.003805
2	2.017238
3	2.110739
4	2.139403
5	2.121021
6	2.134011
7	2.115010
8	2.138226
9	2.175892
10	2.140522
11	2.080834
12	2.096999
13	2.213892
14	2.145427
15	2.142530
16	2.087026
17	2.193398
18	2.135164
19	2.164212
20	2.081628
21	2.107645
22	2.135293
23	2.180529
24	2.074647
25	2.121125
26	2.189848
27	2.265935
28	2.170631
29	2.143704
30	2.079366
31	2.138947
32	2.120678
33	2.167892
34	2.038469
35	2.083346
36	2.200427
37	2.126611
38	2.177598
39	2.122333
40	2.112176
41	2.068495
42	2.134341
43	2.235038
44	2.185727
45	2.071769
46	2.076319
47	2.195045
48	2.128691
49	2.154535
50	2.113561
51	2.166324
52	2.206693
53	2.239080
54	2.145673
55	2.062050
56	2.223133
57	2.218709
58	2.121702
59	2.062153
60	2.088598
61	2.129660
62	2.166645
63	2.094432
64	2.046168
65	2.094142
66	2.085115
67	2.153768
68	2.121275
69	2.066135
70	2.076880
71	2.093380
72	2.083091
73	2.081412
74	2.166934
75	2.099146
76	2.082572
77	2.044609
78	2.104428
79	2.156763
80	2.085086
81	2.068512
82	2.137035
83	2.120926
84	1.978409
85	2.137962
86	2.176848
87	2.170076
88	2.138172
89	2.104320
90	2.097847
91	2.065975
92	2.146081
93	2.177072
94	2.223315
95	2.011072
96	2.077613
97	2.046324
98	2.043028
99	2.025022
100	2.091225
101	2.158032
102	2.045939
103	2.140548
104	2.145160
105	2.156312
106	2.135486
107	2.185858
108	2.223109
109	2.076822
110	2.062504
111	2.125066
112	2.192344
113	2.078575
114	2.073339
115	2.181103
116	2.028467
117	2.092561
118	2.099761
119	2.162650
120	2.025325
121	2.096119
122	2.075896
123	2.005065
124	2.015554
125	2.101379
126	2.137006
127	2.021102
128	2.106525
129	2.044445
130	2.071725
131	2.013661
132	2.130634
133	2.072015
134	2.004497
135	2.079062
136	2.098799
137	2.105384
138	2.094582
139	2.069877
140	2.021375
141	2.094787
142	2.159871
143	2.167385
144	2.108593
145	2.075205
146	2.160635
147	2.159691
148	2.149250
149	2.143770
150	2.167813
151	2.050866
152	2.008851
153	2.134848
154	2.187049
155	2.101366
156	1.937592
157	2.095821
158	2.094380
159	2.089557
160	2.117568
161	2.141078
162	2.114395
163	2.087577
164	2.110503
165	2.094558
166	2.051572
167	2.080762
168	2.184090
169	2.028171
170	2.050353
171	2.177180
172	2.206656
173	2.131736
174	2.068508
175	2.155818
176	2.142268
177	2.062480
178	2.109690
179	2.158378
180	2.127616
181	2.146625
182	2.203276
183	2.094780
184	2.133041
185	2.167481
186	2.199260
187	2.028807
188	2.081914
189	2.132543
190	2.123267
191	2.102887
192	2.064654
193	2.113026
194	2.021899
195	2.096677
196	2.146191
197	2.216573
198	2.138692
199	2.107126
200	2.139969
201	2.213200
202	2.203884
203	2.145064
204	2.185345
205	2.106750
206	2.042768
207	2.042244
208	2.164125
209	2.208764
210	2.181849
211	2.167144
212	2.120508
213	2.031703
214	2.036159
215	2.150410
216	2.122045
217	2.105770
218	2.136890
219	2.158318
220	2.049402
221	2.022749
222	2.098697
223	2.143817
224	2.103349
225	2.093718
226	2.045271
227	2.157082
228	2.003947
229	2.083635
230	2.124378
231	2.149015
232	2.097502
233	2.052045
234	2.085457
235	2.133947
236	2.124973
237	2.121521
238	2.178852
239	2.102306
240	2.110882
241	2.086819
242	2.081779
243	2.146794
244	2.182136
245	2.162583
246	2.086196
247	2.079488
248	2.085164
249	2.139491
250	2.125869
251	2.087893
252	2.052903
253	2.153957
254	2.165219
255	2.125712
256	2.055628
257	2.109113
258	2.139226
259	2.090457
260	2.035887
261	2.153089
262	2.219370
263	2.123801
264	2.087084
265	2.133730
266	2.147501
267	2.084842
268	2.081307
269	1.976616
270	2.016982
271	2.099003
272	2.079670
273	2.071669
274	2.128613
275	2.128787
276	2.032835
277	2.025265
278	2.155192
279	2.217650
280	2.192279
281	2.107403
282	2.046641
283	2.060009
284	2.122161
285	2.124930
286	2.175128
287	2.081488
288	1.995268
289	2.072119
290	2.031257
291	2.077976
292	2.124696
293	2.182638
294	2.124999
295	2.007017
296	2.036346
297	2.082667
298	2.085514
299	2.106315
300	2.125895
301	1.971269
302	1.872632
303	2.163577
304	2.188827
305	2.112715
306	2.014901
307	2.089225
308	2.147748
309	2.121527
310	2.080370
311	2.172537
312	2.211713
313	2.144416
314	2.019241
315	2.049218
316	2.165461
317	2.230866
318	2.150347
319	2.171911
320	2.096024
321	2.022749
322	2.015039
323	2.077991
324	2.150993
325	2.197567
326	2.171319
327	2.080106
328	1.991449
329	2.009041
330	2.108989
331	2.168432
332	2.118599
333	2.128346
334	2.118288
335	2.071169
336	2.021664
337	2.127757
338	2.154685
339	2.072837
340	2.030724
341	2.023955
342	2.013099
343	2.016470
344	2.161788
345	2.196328
346	2.062083
347	1.992293
348	2.072651
349	2.111795
350	2.135170
351	2.207832
352	2.210999
353	2.105581
354	2.114478
355	2.146574
356	2.146797
357	2.129912
358	2.183268
359	2.120311
360	2.034289
361	2.008872
362	2.111715
363	2.176448
364	2.122160
365	2.081056
366	2.092864
367	2.096135
368	2.094057
369	2.110629
370	2.040907
371	2.102410
372	2.066940
373	2.082211
374	2.081142
375	2.097193
376	2.204292
377	2.116970
378	2.045407
379	2.060692
380	2.214145
381	2.158335
382	2.114555
383	2.107895
384	2.148723
385	2.072195
386	1.995636
387	2.098278
388	2.165071
389	2.088656
390	2.060199
391	2.102403
392	2.082570
393	2.117100
394	2.130954
395	2.140597
396	2.176576
397	2.187692
398	2.116669
399	2.055432
400	2.084325
401	2.105564
402	2.213536
403	2.168452
404	2.154385
405	2.066790
406	2.092911
407	2.013166
408	2.034748
409	2.073913
410	2.225424
411	2.088979
412	2.010141
413	2.018747
414	2.092317
415	2.115087
416	2.126745
417	2.117469
418	2.144447
419	2.019145
420	2.004428
421	2.082792
422	2.108853
423	2.050181
424	2.051314
425	2.155536
426	2.023832
427	2.041677
428	2.073519
429	2.211551
430	2.101428
431	2.119999
432	2.093540
433	2.114751
434	2.094300
435	2.174281
436	2.186883
437	2.009308
438	1.962555
439	2.055376
440	2.106323
441	2.074223
442	2.086861
443	2.047849
444	2.008551
445	2.053564
446	2.102707
447	2.071373
448	2.075994
449	2.080073
450	2.064709
451	2.038113
452	2.066605
453	2.129569
454	2.102456
455	2.052190
456	2.065705
457	2.147460
458	2.220730
459	2.046921
460	2.058991
461	2.098084
462	2.062418
463	2.019723
464	2.097847
465	2.078760
466	2.069463
467	2.092391
468	2.124590
469	2.059623
470	2.059153
471	2.095180
472	1.980815
473	2.104270
474	2.090441
475	2.185102
476	2.106025
477	2.010809
478	2.020873
479	2.125908
480	2.017241
481	2.142865
482	2.218703
483	2.242526
484	2.107138
485	2.155806
486	2.202248
487	2.157986
488	2.072751
489	2.154302
490	2.079522
491	2.044225
492	2.142962
493	2.182885
494	2.107351
495	2.082625
496	2.180715
497	2.135981
498	2.046787
499	2.123675
500	2.140073
501	2.110331
502	2.018060
503	2.098339
504	2.186749
505	2.106230
506	2.117051
507	2.156580
508	2.163528
509	2.088878
510	2.167728
511	2.172277
512	2.145169
513	2.129670
514	2.192934
515	2.134216
516	2.083812
517	2.080993
518	2.185355
519	2.066637
520	2.026039
521	2.164436
522	2.117339
523	2.190971
524	2.069759
525	2.026498
526	2.051652
527	2.103231
528	2.077836
529	2.076194
530	2.064384
531	2.070813
532	2.048150
533	2.139844
534	2.131135
535	2.141241
536	2.119483
537	2.148872
538	2.193950
539	2.144716
540	2.089195
541	2.036542
542	2.053456
543	2.067281
544	2.151720
545	2.138329
546	2.143494
547	2.077963
548	2.099675
549	2.099702
550	2.114614
551	2.134454
552	2.110146
553	2.147192
554	2.212051
555	2.145489
556	2.090489
557	2.088442
558	2.178387
559	2.081590
560	2.108640
561	1.952885
562	2.301752
563	2.194344
564	2.026970
565	2.070584
566	2.146980
567	2.021664
568	2.038747
569	2.189025
570	2.200994
571	2.150379
572	2.079782
573	2.113804
574	2.007357
575	2.071888
576	2.127639
577	2.090774
578	2.125207
579	2.110197
580	2.137120
581	2.034968
582	2.085840
583	2.271196
584	2.229378
585	2.054954
586	2.157423
587	2.137788
588	2.027168
589	2.146282
590	2.128196
591	2.137746
592	2.046008
593	2.033511
594	2.148292
595	2.138151
596	2.025385
597	2.149884
598	2.076873
599	2.122220
600	2.123067
601	2.063023
602	2.123412
603	2.087699
604	2.069793
605	2.131613
606	2.244958
607	2.190753
608	2.176833
609	2.140846
610	2.166762
611	2.162899
612	2.050731
613	2.068042
614	2.104283
615	2.034720
616	2.133183
617	2.210794
618	2.070694
619	2.012050
620	2.096514
621	2.100561
622	2.014623
623	2.195591
624	2.228945
625	2.096689
626	2.038913
627	2.118564
628	2.059165
629	2.071190
630	2.072895
631	2.176806
632	2.160778
633	2.150156
634	2.061702
635	2.067605
636	2.144553
637	2.128735
638	2.116999
639	2.149964
640	1.992981
641	2.125798
642	2.116954
643	2.060650
644	2.101717
645	2.168736
646	2.122465
647	2.103482
648	2.112166
649	2.059119
650	2.094192
651	2.127240
652	2.021259
653	2.049215
654	2.138412
655	2.154616
656	2.067077
657	2.078510
658	2.157611
659	2.073293
660	2.195472
661	2.244174
662	2.165124
663	2.108189
664	2.123872
665	2.165793
666	2.016153
667	2.057567
668	2.065149
669	2.103096
670	2.083699
671	2.147142
672	2.111418
673	2.095499
674	2.160443
675	2.147968
676	2.113953
677	2.126076
678	2.105614
679	2.104441
680	2.013949
681	2.091158
682	2.045195
683	2.099077
684	2.080859
685	2.181071
686	2.115192
687	2.106897
688	2.151839
689	2.116895
690	2.104768
691	2.124992
692	2.202563
693	2.048570
694	2.071130
695	2.224207
696	2.197100
697	2.158366
698	2.143339
699	2.213097
700	2.088612
701	2.109108
702	2.113330
703	2.122441
704	2.035192
705	2.081656
706	2.161830
707	2.144120
708	2.107128
709	2.126170
710	2.114831
711	2.050827
712	2.043309
713	2.188183
714	2.149954
715	2.142156
716	2.104329
717	2.149677
718	2.043760
719	2.108491
720	2.130393
721	2.040646
722	2.079510
723	2.049342
724	2.145847
725	2.163081
726	2.079059
727	2.090071
728	2.199601
729	2.152928
730	2.040328
731	2.080490
732	2.142954
733	2.069698
734	2.046627
735	2.207577
736	2.162776
737	2.116063
738	2.059515
739	2.169521
740	2.129045
741	2.002388
742	2.061811
743	2.169400
744	2.080681
745	2.065542
746	2.050313
747	2.033586
748	2.096446
749	2.156682
750	2.146619
751	2.033923
752	1.971619
753	2.029268
754	2.175182
755	2.140452
756	2.128300
757	2.142529
758	2.164856
759	2.154289
760	2.098835
761	2.037129
762	2.037011
763	2.093472
764	2.080403
765	2.175062
766	2.162130
767	2.080601
768	2.076541
769	2.127867
770	2.179853
771	2.140378
772	2.136787
773	2.111817
774	2.055417
775	2.086191
776	2.156113
777	2.131799
778	2.087442
779	2.126126
780	2.195500
781	2.065978
782	2.034091
783	2.175348
784	2.250519
785	2.231223
786	2.158678
787	2.167483
788	2.150275
789	2.154063
790	2.177129
791	2.260397
792	2.191451
793	2.110384
794	2.177485
795	2.149977
796	2.115686
797	2.071272
798	2.197158
799	2.184640
800	2.112363
801	2.122585
802	2.161667
803	2.128710
804	2.062036
805	2.181852
806	2.162033
807	2.094989
808	2.079476
809	2.172679
810	2.095854
811	2.077127
812	2.084586
813	2.104093
814	2.090147
815	2.154819
816	2.121767
817	2.039583
818	2.005295
819	2.060976
820	2.180625
821	2.102703
822	2.160978
823	2.122739
824	2.041334
825	2.076964
826	2.085016
827	2.101421
828	2.163469
829	2.177857
830	2.103872
831	2.009539
832	2.074974
833	2.163045
834	2.153247
835	2.106627
836	2.144399
837	2.130084
838	2.045100
839	2.113886
840	2.128900
841	2.197940
842	2.189048
843	2.120748
844	2.019240
845	1.962144
846	2.145098
847	2.179309
848	2.174261
849	2.143921
850	2.136429
851	2.149346
852	2.099240
853	2.023495
854	2.116852
855	2.126380
856	2.179056
857	2.200372
858	2.121101
859	2.094716
860	2.058857
861	2.171304
862	2.133959
863	2.170495
864	2.157835
865	2.112000
866	2.015151
867	2.096273
868	2.187700
869	2.146192
870	2.081017
871	2.015482
872	2.107326
873	2.098674
874	2.079495
875	2.153363
876	2.193231
877	2.063310
878	2.151954
879	2.069797
880	2.089437
881	2.175472
882	2.225514
883	2.183999
884	2.129191
885	2.133330
886	2.094671
887	2.031338
888	1.971079
889	2.072837
890	2.124764
891	2.145353
892	2.094059
893	2.057161
894	2.084883
895	2.042828
896	2.069189
897	2.016561
898	2.133050
899	2.110594
900	2.190834
901	2.143006
902	2.156842
903	2.115874
904	2.136291
905	2.108613
906	2.154145
907	2.180016
908	2.149786
909	2.186632
910	2.105889
911	2.037655
912	2.080891
913	2.148104
914	2.075806
915	2.135621
916	2.217149
917	2.156489
918	2.106713
919	2.114984
920	2.122567
921	2.081823
922	2.086973
923	2.108242
924	2.061627
925	2.190768
926	2.086426
927	2.132454
928	2.157426
929	2.242536
930	2.221326
931	2.090418
932	2.130609
933	2.091946
934	2.091649
935	2.094567
936	2.047597
937	2.099051
938	2.121355
939	2.170886
940	2.162971
941	2.097119
942	2.062716
943	2.125878
944	2.093232
945	2.091725
946	2.149819
947	2.052693
948	2.092020
949	2.095673
950	2.122947
951	2.118681
952	2.166741
953	2.221323
954	2.217947
955	2.175297
956	2.115600
957	2.096945
958	2.015354
959	1.978238
960	2.064250
961	2.056674
962	2.128584
963	2.149320
964	2.218256
965	2.156073
966	2.093753
967	2.097579
968	2.113317
969	2.103119
970	2.142740
971	2.116501
972	2.116519
973	2.137156
974	2.181355
975	2.070433
976	2.077783
977	2.120041
978	2.044054
979	2.162365
980	2.167665
981	2.147607
982	2.117240
983	2.029249
984	2.046062
985	2.058941
986	2.161259
987	2.117517
988	2.153672
989	2.157126
990	2.210359
991	2.139901
992	2.121172
993	2.112128
994	2.061613
995	2.138772
996	2.066739
997	2.059508
998	2.198286
999	2.115376
1000	2.013349
1001	2.095134
1002	2.115854
1003	2.169464
1004	2.157429
1005	2.093839
1006	2.130014
1007	2.232776
1008	2.133858
1009	2.257736
1010	2.063770
1011	2.097963
1012	2.209183
1013	2.110395
1014	2.126688
1015	2.167487
1016	2.024223
1017	2.162868
1018	1.994698
1019	2.074265
1020	2.073729
1021	1.895327
1022	2.043282
1023	1.940600
1024	2.075487
1025	2.148690
1026	2.102068
1027	2.142765
1028	2.228923
1029	2.178807
1030	2.208949
1031	2.128390
1032	2.069567
1033	2.121648
1034	2.218747
1035	2.081349
1036	2.103291
1037	2.069193
1038	1.931192
1039	2.036132
1040	2.096925
1041	1.965617
1042	2.106715
1043	1.969429
1044	2.088473
1045	2.064336
1046	2.049134
1047	2.084114
1048	1.983068
1049	2.024559
1050	2.073752
1051	2.055702
1052	2.080824
1053	2.089587
1054	2.059710
1055	2.172270
1056	2.062572
1057	2.117566
1058	2.212941
1059	2.071565
1060	2.234235
1061	2.233991
1062	2.140328
1063	2.137630
1064	2.176671
1065	2.192611
1066	2.131913
1067	2.074196
1068	2.091359
1069	2.062615
1070	2.097779
1071	2.010480
1072	2.023829
1073	2.084212
1074	2.064733
1075	2.053340
1076	2.045974
1077	2.018830
1078	2.058830
1079	2.065655
1080	2.091214
1081	1.935188
1082	2.100011
1083	2.055335
1084	2.018279
1085	2.131775
1086	1.953545
1087	2.211767
1088	2.032608
1089	2.122407
1090	2.074903
1091	2.128060
1092	2.091982
1093	2.208058
1094	2.085213
1095	2.187065
1096	2.117759
1097	2.202563
1098	2.086519
1099	2.203781
1100	2.071200
1101	2.215855
1102	2.015488
1103	2.195559
1104	2.071616
1105	2.064621
1106	2.054804
1107	2.086711
1108	1.903392
1109	2.166827
1110	1.971971
1111	2.100988
1112	1.964491
1113	2.047275
1114	1.953966
1115	2.033413
1116	2.004951
1117	2.099943
1118	2.009247
1119	2.046158
1120	2.008483
1121	2.121176
1122	2.100366
1123	2.114788
1124	2.095504
1125	2.087674
1126	2.075890
1127	2.100496
1128	2.060653
1129	2.023984
1130	2.061881
1131	2.047175
1132	2.154236
1133	2.060899
1134	2.147141
1135	2.033017
1136	2.158663
1137	2.055762
1138	2.160937
1139	2.053660
1140	2.109176
1141	2.018099
1142	2.088085
1143	2.106894
1144	2.043551
1145	2.052405
1146	2.053526
1147	1.969991
1148	2.112801
1149	2.021078
1150	2.073068
1151	2.133451
1152	2.103174
1153	2.040349
1154	2.130295
1155	2.076977
1156	2.172045
1157	2.095739
1158	2.171835
1159	2.072399
1160	2.022418
1161	2.013252
1162	2.014983
1163	1.959241
1164	2.139761
1165	2.165672
1166	2.118748
1167	2.189713
1168	2.155421
1169	2.030077
1170	2.072130
1171	2.085333
1172	2.069470
1173	2.145004
1174	2.126655
1175	2.110208
1176	2.134990
1177	2.044142
1178	2.090918
1179	2.042100
1180	2.116604
1181	2.065006
1182	2.076609
1183	2.143634
1184	2.055538
1185	2.053553
1186	2.062612
1187	2.138227
1188	2.093027
1189	2.047595
1190	2.134749
1191	2.047063
1192	2.140719
1193	2.044889
1194	2.081854
1195	2.085850
1196	2.070576
1197	2.121197
1198	2.114015
1199	2.055378
1200	2.059160
1201	2.100442
1202	2.046039
1203	2.105383
1204	2.043378
1205	2.037630
1206	2.089437
1207	2.065727
1208	2.062814
1209	2.119947
1210	1.999262
1211	2.045021
1212	2.082198
1213	2.092405
1214	2.140920
1215	2.113816
1216	2.127160
1217	2.146744
1218	2.042809
1219	2.093008
1220	1.979082
1221	2.058243
1222	2.119484
1223	2.072203
1224	2.167581
1225	2.104089
1226	2.038095
1227	2.015724
1228	2.051302
1229	2.051992
1230	2.128671
1231	2.054367
1232	2.182337
1233	2.015240
1234	2.139841
1235	2.086205
1236	1.921381
1237	2.111971
1238	1.997488
1239	2.088125
1240	2.128672
1241	2.069662
1242	2.044764
1243	2.025124
1244	2.018817
1245	2.096840
1246	2.083302
1247	2.134361
1248	2.159425
1249	2.069214
1250	2.059965
1251	1.917365
1252	2.041480
1253	2.067947
1254	2.030355
1255	2.170818
1256	2.143618
1257	2.074763
1258	2.036287
1259	1.951272
1260	2.016087
1261	2.056109
1262	2.020960
1263	2.127691
1264	2.054541
1265	2.130771
1266	2.006617
1267	2.059961
1268	2.014924
1269	2.096160
1270	2.112963
1271	2.064632
1272	2.133327
1273	1.986142
1274	2.052969
1275	2.055528
1276	2.041584
1277	2.126095
1278	2.130427
1279	2.127144
1280	2.108871
1281	2.036731
1282	2.041222
1283	2.067038
1284	2.004932
1285	2.135773
1286	2.028563
1287	2.084666
1288	2.095362
1289	2.048780
1290	2.072127
1291	2.037053
1292	2.091924
1293	2.119246
1294	2.022019
1295	2.155212
1296	2.131105
1297	1.921493
1298	2.087246
1299	1.999001
1300	2.129944
1301	2.162637
1302	2.029033
1303	2.144023
1304	2.027520
1305	2.058574
1306	2.076214
1307	2.018230
1308	2.210852
1309	2.103286
1310	2.083302
1311	2.115642
1312	1.990858
1313	1.995072
1314	2.153032
1315	1.999558
1316	2.045547
1317	2.159382
1318	2.115984
1319	1.959892
1320	2.168484
1321	2.048191
1322	1.988482
1323	2.161177
1324	2.071977
1325	2.026917
1326	2.087115
1327	1.998884
1328	2.070459
1329	2.155590
1330	1.992771
1331	2.092892
1332	2.087926
1333	1.952731
1334	2.053374
1335	2.169286
1336	2.070120
1337	1.984128
1338	2.075882
1339	2.082511
1340	2.024700
1341	2.038124
1342	2.107861
1343	2.067328
1344	2.099462
1345	2.057971
1346	2.065498
1347	2.072240
1348	2.054789
1349	2.098480
1350	2.109414
1351	2.077660
1352	2.076262
1353	2.011266
1354	2.046431
1355	2.117893
1356	2.107318
1357	2.055045
1358	2.078028
1359	2.051921
1360	1.990765
1361	2.051233
1362	2.102669
1363	2.003803
1364	2.098858
1365	2.136428
1366	2.006491
1367	2.100662
1368	2.148660
1369	2.058104
1370	2.006131
1371	2.048070
1372	1.960412
1373	2.066463
1374	2.134965
1375	2.144486
1376	2.115680
1377	2.109630
1378	2.008571
1379	2.049649
1380	2.010392
1381	2.057494
1382	2.124827
1383	2.174884
1384	2.076936
1385	2.005825
1386	2.019973
1387	2.044997
1388	2.080521
1389	2.154148
1390	2.066127
1391	2.098918
1392	2.037954
1393	2.006885
1394	2.087187
1395	2.057306
1396	2.169509
1397	2.038851
1398	2.014686
1399	2.081658
1400	2.027489
1401	2.066618
1402	2.143029
1403	2.081162
1404	2.059898
1405	2.053973
1406	1.988360
1407	2.099351
1408	2.114543
1409	2.102913
1410	2.084935
1411	1.991091
1412	2.000200
1413	2.131294
1414	2.130262
1415	2.102371
1416	2.105566
1417	2.027213
1418	1.985087
1419	1.953571
1420	1.964456
1421	2.140394
1422	2.111650
1423	2.064404
1424	2.070749
1425	1.955801
1426	2.012612
1427	2.112627
1428	2.097672
1429	2.079465
1430	2.029472
1431	1.975968
1432	2.053132
1433	2.115125
1434	2.083748
1435	2.096915
1436	2.055634
1437	2.025515
1438	2.091671
1439	2.119740
1440	2.040031
1441	2.080848
1442	2.049485
1443	1.986658
1444	2.020041
1445	2.091674
1446	2.129195
1447	2.045888
1448	1.982891
1449	2.044427
1450	2.077976
1451	2.067925
1452	2.094418
1453	2.061206
1454	1.995531
1455	1.990108
1456	2.077572
1457	2.134757
1458	2.073083
1459	1.934910
1460	2.032205
1461	2.117264
1462	2.077207
1463	2.074334
1464	2.102608
1465	2.069296
1466	1.984544
1467	2.008114
1468	2.057383
1469	2.111845
1470	2.119561
1471	2.001546
1472	2.000580
1473	2.002201
1474	2.037662
1475	2.069901
1476	2.084949
1477	2.027148
1478	1.994276
1479	2.139810
1480	2.113326
1481	2.013236
1482	2.026629
1483	2.093592
1484	2.078515
1485	2.096437
1486	2.086165
1487	2.005606
1488	1.929817
1489	1.988621
1490	2.117666
1491	2.153219
1492	2.038663
1493	2.040450
1494	2.074578
1495	2.013898
1496	2.051921
1497	2.154090
1498	2.012643
1499	1.991803
1500	2.103591
1501	2.066323
1502	2.006909
1503	2.096113
1504	2.112721
1505	1.980671
1506	2.080938
1507	2.137545
1508	2.005964
1509	2.069633
1510	2.035854
1511	1.927765
1512	2.070927
1513	2.020064
1514	1.967822
1515	2.081391
1516	2.111087
1517	1.982309
1518	2.184541
1519	1.955125
1520	1.953178
1521	2.162134
1522	2.059621
1523	1.967105
1524	2.129037
1525	2.091279
1526	2.047264
1527	2.063773
1528	1.984078
1529	2.042106
1530	2.070687
1531	2.114368
1532	2.082358
1533	2.013367
1534	2.012611
1535	2.055994
1536	2.057320
1537	2.005210
1538	2.030061
1539	2.160899
1540	2.029710
1541	1.965587
1542	2.041580
1543	2.083276
1544	1.972273
1545	2.053232
1546	1.982284
1547	2.007892
1548	2.142572
1549	2.091655
1550	1.981374
1551	2.013217
1552	2.054568
1553	2.012903
1554	2.106893
1555	2.109656
1556	1.954743
1557	2.018255
1558	2.105958
1559	2.015086
1560	2.119465
1561	2.127479
1562	2.016175
1563	1.960032
1564	2.109948
1565	2.086912
1566	1.996090
1567	2.033816
1568	2.082119
1569	2.001774
1570	2.043028
1571	2.096111
1572	2.025140
1573	2.013089
1574	2.049694
1575	2.046767
1576	2.019642
1577	1.996989
1578	2.038563
1579	2.096868
1580	2.051305
1581	2.081370
1582	2.037562
1583	1.998435
1584	1.983579
1585	2.086635
1586	2.062604
1587	1.974701
1588	2.071166
1589	2.098885
1590	2.044331
1591	2.022674
1592	1.988635
1593	2.063425
1594	2.020325
1595	2.039785
1596	2.107393
1597	2.131486
1598	2.034373
1599	1.988279
1600	2.026292
1601	2.098955
1602	2.068408
1603	2.087336
1604	2.065251
1605	2.041945
1606	2.006333
1607	2.049747
1608	2.069597
1609	2.050377
1610	2.068135
1611	2.008470
1612	2.065630
1613	2.088886
1614	2.055587
1615	2.032796
1616	2.044007
1617	2.041032
1618	2.091728
1619	2.086409
1620	1.991544
1621	2.044698
1622	2.047625
1623	2.071438
1624	2.137514
1625	2.032400
1626	1.954791
1627	1.970289
1628	2.104507
1629	2.067932
1630	1.999471
1631	2.028291
1632	2.040230
1633	2.048187
1634	2.033802
1635	2.129207
1636	2.044899
1637	2.003987
1638	1.998498
1639	2.057271
1640	2.069401
1641	2.066189
1642	2.133080
1643	1.967002
1644	1.955374
1645	2.050472
1646	2.035395
1647	2.064686
1648	2.115663
1649	2.056545
1650	1.940528
1651	2.013473
1652	1.981998
1653	1.999264
1654	2.142748
1655	2.053756
1656	2.064166
1657	2.053769
1658	2.074393
1659	1.949490
1660	2.062269
1661	2.130372
1662	2.002131
1663	2.056874
1664	2.050828
1665	1.949591
1666	2.041134
1667	2.090521
1668	2.058582
1669	2.137351
1670	2.125488
1671	2.034817
1672	2.036173
1673	1.986168
1674	1.946273
1675	2.115412
1676	2.050832
1677	2.103004
1678	2.081182
1679	1.973849
1680	1.943806
1681	2.151310
1682	1.965086
1683	2.019245
1684	2.095817
1685	2.052350
1686	2.126136
1687	2.069510
1688	1.976816
1689	2.064439
1690	2.032150
1691	1.990615
1692	2.083793
1693	2.118280
1694	1.969750
1695	2.091363
1696	2.005886
1697	2.004769
1698	2.092429
1699	2.055890
1700	2.058659
1701	2.069169
1702	2.066972
1703	2.063420
1704	2.050375
1705	2.007874
1706	2.004174
1707	2.052831
1708	2.090204
1709	2.015551
1710	2.073038
1711	2.008715
1712	1.984564
1713	2.079790
1714	2.098694
1715	1.959246
1716	2.023256
1717	2.086445
1718	2.065391
1719	2.022368
1720	2.048899
1721	2.049970
1722	2.035995
1723	2.055300
1724	2.018896
1725	2.040799
1726	2.083062
1727	1.954651
1728	2.020582
1729	2.106875
1730	1.969529
1731	1.981762
1732	2.018770
1733	1.985089
1734	2.029496
1735	2.152343
1736	2.031204
1737	1.895626
1738	1.968085
1739	2.066737
1740	2.082003
1741	2.086828
1742	1.991827
1743	2.003248
1744	2.098087
1745	2.020725
1746	1.971868
1747	2.019271
1748	2.004097
1749	2.106246
1750	2.080356
1751	2.048775
1752	1.963190
1753	2.058624
1754	2.097026
1755	2.066616
1756	2.060646
1757	2.040284
1758	1.981971
1759	2.019256
1760	2.117458
1761	2.046420
1762	1.947563
1763	1.965553
1764	2.040884
1765	2.052182
1766	2.059622
1767	1.996577
1768	1.979557
1769	1.997645
1770	2.083186
1771	1.999422
1772	1.971101
1773	2.016594
1774	2.007529
1775	2.019933
1776	2.012214
1777	1.999192
1778	2.047610
1779	2.058439
1780	1.985848
1781	2.030685
1782	2.052869
1783	2.045820
1784	2.036325
1785	2.051558
1786	2.018195
1787	2.013455
1788	2.097042
1789	2.018413
1790	1.981832
1791	2.117583
1792	2.016304
1793	1.999385
1794	2.044466
1795	2.005840
1796	1.991542
1797	2.045958
1798	2.090728
1799	2.031880
1800	2.060783
1801	2.002955
1802	1.948811
1803	2.088783
1804	2.085378
1805	1.979035
1806	1.970834
1807	2.054843
1808	2.044546
1809	2.007422
1810	2.030967
1811	2.021596
1812	1.958741
1813	2.083313
1814	2.076086
1815	1.955511
1816	2.032952
1817	2.091037
1818	2.012090
1819	1.989512
1820	2.007671
1821	2.056482
1822	2.022466
1823	1.983384
1824	2.052484
1825	2.061379
1826	2.011435
1827	1.903793
1828	2.083349
1829	1.998135
1830	1.993319
1831	2.098165
1832	2.016427
1833	1.956238
1834	2.067469
1835	2.075185
1836	1.951627
1837	2.080190
1838	2.051996
1839	1.966454
1840	2.077405
1841	2.093135
1842	2.015189
1843	1.995207
1844	2.000517
1845	2.040160
1846	2.052736
1847	2.042133
1848	1.984978
1849	2.060626
1850	2.033076
1851	2.022073
1852	2.042441
1853	1.957954
1854	1.970505
1855	2.076772
1856	1.962510
1857	2.043263
1858	2.113640
1859	2.001535
1860	2.005624
1861	2.065480
1862	2.019692
1863	1.999719
1864	2.094359
1865	1.990887
1866	1.984687
1867	2.097303
1868	2.035832
1869	1.926599
1870	2.050582
1871	2.089409
1872	1.979690
1873	2.042868
1874	2.095755
1875	1.989156
1876	1.997873
1877	2.152865
1878	1.987221
1879	1.895939
1880	2.113339
1881	2.082785
1882	1.952659
1883	1.945113
1884	2.097071
1885	2.067215
1886	2.025795
1887	2.047464
1888	1.945322
1889	2.010334
1890	2.138016
1891	1.898206
1892	1.971964
1893	2.017735
1894	1.976415
1895	2.053616
1896	2.042983
1897	1.986219
1898	1.984602
1899	2.085135
1900	2.065467
1901	1.911123
1902	1.975208
1903	2.004054
1904	1.987271
1905	2.093991
1906	2.058591
1907	1.999408
1908	2.036052
1909	2.059432
1910	1.982226
1911	2.103029
1912	2.086412
1913	1.998782
1914	2.024564
1915	2.009179
1916	2.105004
1917	2.105949
1918	1.978028
1919	2.009016
1920	2.048222
1921	2.019281
1922	2.001550
1923	2.034809
1924	1.984058
1925	1.972177
1926	2.108674
1927	2.007365
1928	1.979321
1929	2.111614
1930	2.002207
1931	1.914380
1932	2.140786
1933	1.987901
1934	1.943128
1935	2.060055
1936	2.037185
1937	1.972867
1938	2.072539
1939	2.048841
1940	1.954492
1941	2.060948
1942	2.055647
1943	1.898760
1944	2.103317
1945	2.056299
1946	1.916259
1947	2.020978
1948	2.126254
1949	1.958767
1950	1.929525
1951	2.016824
1952	2.033138
1953	2.007338
1954	1.989864
1955	2.015565
1956	2.067315
1957	1.863540
1958	1.976745
1959	2.119217
1960	1.885629
1961	1.998703
1962	2.130065
1963	1.926663
1964	1.891389
1965	2.109251
1966	2.050118
1967	1.934342
1968	2.150470
1969	2.045231
1970	1.919803
1971	2.077977
1972	2.133083
1973	1.971904
1974	1.921457
1975	2.087313
1976	2.059004
1977	1.913173
1978	1.987223
1979	1.939194
1980	2.046749
1981	2.037793
1982	1.955389
1983	2.082259
1984	1.997108
1985	1.961083
1986	2.136595
1987	1.962606
1988	1.912469
1989	2.135505
1990	2.038392
1991	1.915499
1992	2.103193
1993	2.027524
1994	1.884098
1995	2.059285
1996	2.036096
1997	1.918226
1998	2.092926
1999	2.017468
2000	1.933940
2001	1.992143
2002	2.041523
2003	1.976428
2004	1.926536
2005	2.028324
2006	2.067409
2007	2.022094
2008	1.951521
2009	2.026892
2010	2.074824
2011	2.016572
2012	2.049631
2013	2.032983
2014	1.909355
2015	1.999102
2016	2.140918
2017	1.956320
2018	1.907062
2019	2.087536
2020	2.063442
2021	2.023511
2022	1.993207
2023	1.963490
2024	2.030758
2025	1.941168
2026	1.996713
2027	2.041015
2028	2.012081
2029	1.995231
2030	1.925764
2031	2.080258
2032	2.045819
2033	1.896626
2034	2.005188
2035	2.064182
2036	1.943244
2037	2.042892
2038	2.088389
2039	1.933213
2040	2.009836
2041	2.062191
2042	2.024076
2043	2.024986
2044	1.982553
2045	1.956993
2046	2.143661
2047	2.098444
2048	1.880713
2049	2.011868
2050	2.148457
2051	1.988827
2052	1.987837
2053	2.004614
2054	1.918001
2055	2.109203
2056	2.042665
2057	1.959180
2058	2.087965
2059	2.050380
2060	1.983765
2061	2.041565
2062	2.025994
2063	2.020538
2064	2.068563
2065	1.947729
2066	1.958106
2067	2.089390
2068	1.994297
2069	1.997047
2070	2.033962
2071	1.983207
2072	2.041856
2073	2.061880
2074	1.889124
2075	1.969375
2076	2.078143
2077	2.012521
2078	1.960164
2079	2.010827
2080	1.962660
2081	2.055729
2082	2.042318
2083	1.981096
2084	2.034226
2085	2.039299
2086	1.985933
2087	2.017294
2088	2.051559
2089	1.967270
2090	2.061178
2091	2.051497
2092	1.950454
2093	1.960366
2094	2.031677
2095	2.007669
2096	1.956163
2097	1.959199
2098	2.051228
2099	2.005920
2100	2.033878
2101	2.083006
2102	1.979595
2103	1.960321
2104	2.094401
2105	2.013807
2106	1.897019
2107	2.004950
2108	2.111470
2109	1.975386
2110	1.928030
2111	1.948898
2112	2.088450
2113	2.063087
2114	1.948389
2115	1.961357
2116	2.083830
2117	1.987737
2118	1.917730
2119	1.983507
2120	2.064442
2121	2.006058
2122	1.981285
2123	2.017225
2124	1.992156
2125	2.051178
2126	2.099541
2127	1.902898
2128	1.944397
2129	2.173836
2130	2.049089
2131	1.892840
2132	1.992833
2133	2.046143
2134	1.980796
2135	2.026686
2136	1.964367
2137	1.984512
2138	2.093687
2139	2.032980
2140	1.889544
2141	2.058213
2142	2.079516
2143	1.899408
2144	1.936020
2145	2.050972
2146	1.960704
2147	2.057718
2148	2.010508
2149	1.938409
2150	2.004352
2151	2.092511
2152	2.043144
2153	1.954093
2154	2.020535
2155	2.059905
2156	1.965164
2157	1.964935
2158	2.059227
2159	2.031889
2160	2.001569
2161	1.979918
2162	2.052326
2163	2.001714
2164	2.009037
2165	2.057806
2166	2.048318
2167	1.997066
2168	1.943171
2169	1.990679
2170	2.051429
2171	2.025978
2172	1.980151
2173	1.987569
2174	2.077966
2175	2.015871
2176	1.982809
2177	2.020155
2178	1.997578
2179	1.963563
2180	2.009464
2181	2.010518
2182	1.958608
2183	1.964802
2184	2.024787
2185	1.940191
2186	1.978866
2187	2.022456
2188	1.984711
2189	1.968492
2190	2.044216
2191	1.943244
2192	1.974363
2193	2.070974
2194	1.980452
2195	1.998586
2196	2.039489
2197	1.975857
2198	2.023284
2199	2.056445
2200	1.942454
2201	2.002827
2202	2.112581
2203	1.975796
2204	1.985558
2205	2.027112
2206	1.949672
2207	1.976141
2208	2.053999
2209	1.949668
2210	1.947028
2211	2.012219
2212	1.993976
2213	1.968641
2214	2.003554
2215	2.000225
2216	2.002498
2217	2.001054
2218	1.974391
2219	1.966625
2220	2.062185
2221	1.996593
2222	1.866302
2223	1.984277
2224	2.131468
2225	1.908404
2226	1.961695
2227	2.052874
2228	2.032297
2229	2.002598
2230	1.988045
2231	2.007120
2232	2.024379
2233	1.920373
2234	2.034839
2235	2.061022
2236	1.904822
2237	2.011277
2238	2.080780
2239	1.928131
2240	2.046087
2241	2.088878
2242	1.953420
2243	1.960268
2244	2.063419
2245	1.948312
2246	1.912407
2247	2.062764
2248	2.005265
2249	1.945249
2250	1.983849
2251	2.016624
2252	1.952248
2253	1.986202
2254	2.002122
2255	2.025027
2256	2.027077
2257	1.959964
2258	2.035650
2259	2.006053
2260	1.983355
2261	1.926225
2262	1.978297
2263	2.027700
2264	1.996240
2265	2.015120
2266	2.048403
2267	1.965066
2268	1.966925
2269	2.029769
2270	2.058439
2271	1.964230
2272	2.038382
2273	2.057040
2274	2.013457
2275	1.904161
2276	2.064672
2277	2.012418
2278	1.947829
2279	2.056867
2280	1.993594
2281	1.826697
2282	2.080179
2283	2.045857
2284	1.883981
2285	1.929122
2286	2.068055
2287	2.022661
2288	1.927853
2289	2.040949
2290	1.950871
2291	2.028957
2292	2.033034
2293	1.991255
2294	1.965775
2295	2.027145
2296	2.030236
2297	1.961677
2298	1.913224
2299	2.011186
2300	2.096466
2301	1.947747
2302	1.960106
2303	2.052022
2304	2.047760
2305	1.962032
2306	2.013889
2307	1.958800
2308	1.932540
2309	2.051698
2310	1.973647
2311	1.961879
2312	2.028311
2313	1.964054
2314	2.026554
2315	1.995261
2316	1.883597
2317	1.959411
2318	2.116546
2319	1.967008
2320	1.851330
2321	2.033050
2322	2.078395
2323	1.884053
2324	2.019555
2325	2.075655
2326	1.928114
2327	1.991274
2328	1.986559
2329	1.945875
2330	2.068133
2331	1.983177
2332	1.949879
2333	2.039158
2334	1.935901
2335	1.998840
2336	2.091341
2337	2.074009
2338	1.878615
2339	1.952345
2340	2.108191
2341	1.898729
2342	2.020435
2343	2.003901
2344	1.943439
2345	2.000504
2346	2.006176
2347	1.980853
2348	2.047770
2349	1.976348
2350	1.933389
2351	2.026420
2352	2.054395
2353	1.970244
2354	2.046203
2355	1.976505
2356	2.031767
2357	2.084245
2358	1.973214
2359	1.922507
2360	2.083230
2361	1.990027
2362	1.976206
2363	2.023451
2364	2.008750
2365	1.986909
2366	2.090837
2367	2.007871
2368	1.944334
2369	2.065455
2370	2.021564
2371	1.869787
2372	2.016298
2373	2.059024
2374	1.990753
2375	1.983913
2376	1.971804
2377	1.980365
2378	2.059332
2379	1.944917
2380	1.838026
2381	2.066582
2382	2.002153
2383	1.904806
2384	2.046423
2385	1.988134
2386	1.825317
2387	2.064693
2388	2.017486
2389	1.812573
2390	1.991968
2391	2.096511
2392	1.851096
2393	2.043730
2394	1.970515
2395	1.934363
2396	2.160619
2397	1.948382
2398	1.930213
2399	2.140342
2400	1.874141
2401	2.054879
2402	2.062965
2403	1.886426
2404	2.064216
2405	2.067093
2406	1.839424
2407	2.038733
2408	2.022166
2409	1.923806
2410	2.050933
2411	2.020149
2412	1.885341
2413	2.079124
2414	2.005645
2415	1.968598
2416	1.990700
2417	1.937113
2418	1.997969
2419	2.050102
2420	1.931033
2421	1.927218
2422	2.061981
2423	1.933962
2424	1.956804
2425	1.988067
2426	1.929739
2427	1.914123
2428	2.061385
2429	2.059287
2430	1.916756
2431	1.989548
2432	2.071429
2433	1.913639
2434	2.005136
2435	2.052746
2436	1.918494
2437	1.996407
2438	2.001564
2439	1.942044
2440	2.015748
2441	2.061713
2442	1.885752
2443	1.983642
2444	2.071665
2445	1.874865
2446	1.984562
2447	2.139017
2448	1.936619
2449	1.872057
2450	2.097107
2451	1.949104
2452	1.880712
2453	2.071592
2454	2.023445
2455	1.906304
2456	1.972490
2457	2.017838
2458	1.941153
2459	1.974937
2460	2.088391
2461	1.929648
2462	1.913820
2463	2.042347
2464	1.935104
2465	1.983482
2466	2.064923
2467	1.893948
2468	1.991222
2469	2.061265
2470	1.907438
2471	1.978929
2472	2.015828
2473	1.899685
2474	1.995014
2475	2.126770
2476	1.877485
2477	1.882804
2478	2.153288
2479	1.938086
2480	1.926961
2481	2.076080
2482	1.894461
2483	1.981454
2484	2.089227
2485	1.845723
2486	1.906334
2487	2.052680
2488	2.047524
2489	1.917962
2490	1.961772
2491	2.051784
2492	1.969730
2493	1.975916
2494	2.087185
2495	1.964734
2496	1.930183
2497	2.050669
2498	1.921206
2499	2.012594
2500	2.019579
2501	1.936686
2502	2.038441
2503	2.100946
2504	1.909282
2505	1.922478
2506	2.054175
2507	1.890262
2508	1.865826
2509	2.004332
2510	2.035266
2511	2.022029
2512	2.007721
2513	1.947839
2514	1.930490
2515	2.008241
2516	2.008856
2517	1.876868
2518	1.956811
2519	2.027812
2520	1.890888
2521	1.906264
2522	2.088065
2523	1.906500
2524	1.880807
2525	2.071434
2526	1.806652
2527	1.957903
2528	2.029909
2529	1.881948
2530	2.044781
2531	1.939838
2532	1.861360
2533	2.087497
2534	1.986743
2535	1.829478
2536	2.066009
2537	1.894385
2538	1.861608
2539	2.003234
2540	1.926080
2541	1.929931
2542	2.029524
2543	1.938043
2544	1.958758
2545	2.008970
2546	1.962469
2547	2.010501
2548	1.971584
2549	1.934794
2550	2.024586
2551	1.952835
2552	2.002801
2553	1.974520
2554	1.952659
2555	2.025494
2556	2.060941
2557	1.938555
2558	1.938528
2559	2.004808
2560	1.927568
