0	0.979864
1	0.962561
2	0.952480
3	0.964159
4	0.955907
5	0.959187
6	0.961074
7	0.952820
8	0.961044
9	0.959052
10	0.954411
11	0.962586
12	0.955627
13	0.954249
14	0.962454
15	0.955428
16	0.956344
17	0.963372
18	0.953394
19	0.960561
20	0.959695
21	0.954845
22	0.963745
23	0.953477
24	0.958308
25	0.960407
26	0.953773
27	0.962262
28	0.956696
29	0.954365
30	0.964675
31	0.953675
32	0.961784
33	0.959734
34	0.957772
35	0.963435
36	0.953422
37	0.964547
38	0.955233
39	0.962323
40	0.957297
41	0.959251
42	0.960935
43	0.954485
44	0.965145
45	0.953022
46	0.960315
47	0.959615
48	0.955141
49	0.963828
50	0.952501
51	0.964415
52	0.955238
53	0.955755
54	0.963742
55	0.952469
56	0.961084
57	0.959337
58	0.952688
59	0.962512
60	0.957111
61	0.955752
62	0.963789
63	0.953500
64	0.959075
65	0.962194
66	0.952449
67	0.963480
68	0.956608
69	0.957981
70	0.962042
71	0.952550
72	0.961383
73	0.958810
74	0.952462
75	0.962032
76	0.958702
77	0.955596
78	0.963992
79	0.952943
80	0.959361
81	0.962011
82	0.952427
83	0.964648
84	0.954690
85	0.954487
86	0.963889
87	0.954443
88	0.957838
89	0.962447
90	0.952756
91	0.962267
92	0.959379
93	0.956620
94	0.963476
95	0.951845
96	0.961640
97	0.959267
98	0.954217
99	0.965267
100	0.953100
101	0.957731
102	0.963655
103	0.951477
104	0.959058
105	0.961732
106	0.952808
107	0.964074
108	0.956275
109	0.954967
110	0.964071
111	0.953251
112	0.957853
113	0.962124
114	0.952831
115	0.961309
116	0.960496
117	0.953614
118	0.963973
119	0.954847
120	0.957281
121	0.963345
122	0.953143
123	0.959070
124	0.962047
125	0.953947
126	0.965117
127	0.953521
128	0.960531
129	0.959171
130	0.956179
131	0.963580
132	0.951163
133	0.961257
134	0.960125
135	0.953841
136	0.963730
137	0.955037
138	0.958245
139	0.963075
140	0.952389
141	0.964644
142	0.955466
143	0.958592
144	0.963099
145	0.954035
146	0.964689
147	0.952735
148	0.960904
149	0.961035
150	0.954123
151	0.965282
152	0.953085
153	0.958247
154	0.962208
155	0.951115
156	0.960889
157	0.960024
158	0.952209
159	0.965270
160	0.953199
161	0.956945
162	0.962970
163	0.951989
164	0.965078
165	0.954854
166	0.953518
167	0.962558
168	0.956633
169	0.954001
170	0.963407
171	0.954989
172	0.954872
173	0.963985
174	0.953502
175	0.961673
176	0.961218
177	0.954478
178	0.964880
179	0.955471
180	0.957709
181	0.963393
182	0.952211
183	0.962824
184	0.958629
185	0.955168
186	0.964640
187	0.952855
188	0.964193
189	0.956597
190	0.959185
191	0.962641
192	0.953259
193	0.965668
194	0.952584
195	0.961983
196	0.959717
197	0.950478
198	0.961687
199	0.959335
200	0.951241
201	0.964716
202	0.956521
203	0.955511
204	0.964192
205	0.951906
206	0.959516
207	0.961676
208	0.951247
209	0.964244
210	0.956967
211	0.955592
212	0.964598
213	0.952236
214	0.962272
215	0.958816
216	0.955996
217	0.965077
218	0.952242
219	0.965065
220	0.955845
221	0.958617
222	0.962436
223	0.953230
224	0.965957
225	0.952949
226	0.960925
227	0.960537
228	0.952483
229	0.965523
230	0.954542
231	0.958652
232	0.963786
233	0.954575
234	0.965294
235	0.952729
236	0.963256
237	0.958822
238	0.951660
239	0.965040
240	0.953758
241	0.957945
242	0.963100
243	0.952741
244	0.964890
245	0.953694
246	0.959251
247	0.962206
248	0.951654
249	0.956090
250	0.963697
251	0.951796
252	0.954261
253	0.963095
254	0.953999
255	0.951783
256	0.962703
257	0.956771
258	0.949965
259	0.959090
260	0.961003
261	0.951305
262	0.958196
263	0.962474
264	0.951394
265	0.957567
266	0.963610
267	0.952649
268	0.964997
269	0.956178
270	0.955565
271	0.963385
272	0.952965
273	0.956020
274	0.962854
275	0.953537
276	0.953022
277	0.965218
278	0.953217
279	0.955122
280	0.963974
281	0.952890
282	0.960089
283	0.961537
284	0.954750
285	0.963483
286	0.954823
287	0.955362
288	0.964393
289	0.952492
290	0.962311
291	0.959848
292	0.955639
293	0.966143
294	0.952154
295	0.961767
296	0.960871
297	0.955680
298	0.964284
299	0.952004
300	0.963020
301	0.958183
302	0.958592
303	0.962936
304	0.951664
305	0.964702
306	0.956013
307	0.955489
308	0.964253
309	0.952164
310	0.962815
311	0.958579
312	0.955467
313	0.964849
314	0.952109
315	0.958695
316	0.962364
317	0.950186
318	0.958946
319	0.961924
320	0.950973
321	0.959155
322	0.961107
323	0.950857
324	0.961543
325	0.959284
326	0.954495
327	0.964464
328	0.953185
329	0.959327
330	0.961365
331	0.952161
332	0.964148
333	0.956402
334	0.952083
335	0.964703
336	0.954220
337	0.955978
338	0.963534
339	0.951367
340	0.957349
341	0.964155
342	0.951423
343	0.955749
344	0.965157
345	0.952204
346	0.957422
347	0.963885
348	0.952010
349	0.958937
350	0.961207
351	0.950756
352	0.961364
353	0.960369
354	0.952696
355	0.964702
356	0.953984
357	0.955183
358	0.963252
359	0.952763
360	0.953969
361	0.964065
362	0.954354
363	0.953211
364	0.965826
365	0.952212
366	0.957894
367	0.963038
368	0.952305
369	0.965198
370	0.955070
371	0.956419
372	0.964248
373	0.951511
374	0.963601
375	0.956827
376	0.956586
377	0.964006
378	0.952478
379	0.965701
380	0.954285
381	0.960353
382	0.961796
383	0.952050
384	0.964505
385	0.955781
386	0.958533
387	0.962589
388	0.952449
389	0.965792
390	0.953178
391	0.962750
392	0.959047
393	0.955023
394	0.964844
395	0.952190
396	0.959156
397	0.962611
398	0.952276
399	0.966047
400	0.953606
401	0.958368
402	0.962747
403	0.952418
404	0.964942
405	0.955975
406	0.956919
407	0.963661
408	0.950827
409	0.960966
410	0.960011
411	0.951437
412	0.962674
413	0.958173
414	0.954377
415	0.964433
416	0.953429
417	0.953864
418	0.965587
419	0.952471
420	0.960529
421	0.962290
422	0.950887
423	0.960490
424	0.961351
425	0.950444
426	0.962027
427	0.960470
428	0.952214
429	0.963171
430	0.958735
431	0.952096
432	0.965215
433	0.953356
434	0.953953
435	0.964652
436	0.953729
437	0.956884
438	0.963528
439	0.950665
440	0.962690
441	0.959004
442	0.952886
443	0.966752
444	0.953993
445	0.957155
446	0.963848
447	0.951487
448	0.960693
449	0.961822
450	0.953380
451	0.965057
452	0.953983
453	0.956541
454	0.964653
455	0.952491
456	0.965368
457	0.954895
458	0.961903
459	0.959998
460	0.954911
461	0.965352
462	0.951663
463	0.959528
464	0.962058
465	0.950494
466	0.957560
467	0.963356
468	0.951139
469	0.956325
470	0.963740
471	0.952880
472	0.953595
473	0.965348
474	0.953522
475	0.952345
476	0.964402
477	0.955588
478	0.952320
479	0.964393
480	0.955455
481	0.954939
482	0.964656
483	0.952765
484	0.953112
485	0.964618
486	0.955657
487	0.950854
488	0.963083
489	0.958737
490	0.948929
491	0.960967
492	0.961630
493	0.950000
494	0.958440
495	0.963290
496	0.950969
497	0.956237
498	0.964945
499	0.950484
500	0.962663
501	0.959826
502	0.949855
503	0.963791
504	0.958239
505	0.950626
506	0.965654
507	0.955243
508	0.953181
509	0.965171
510	0.954279
511	0.952466
512	0.965945
513	0.952801
514	0.955173
515	0.965940
516	0.952062
517	0.958504
518	0.963477
519	0.951265
520	0.965940
521	0.960300
522	0.964658
523	0.951125
524	0.968348
525	0.955469
526	0.955561
527	0.967568
528	0.951770
529	0.964776
530	0.959922
531	0.953778
532	0.967735
533	0.952660
534	0.962609
535	0.962997
536	0.955234
537	0.968424
538	0.951251
539	0.962410
540	0.963802
541	0.953756
542	0.967476
543	0.953511
544	0.959532
545	0.966501
546	0.951286
547	0.964873
548	0.961818
549	0.950339
550	0.964554
551	0.960760
552	0.956093
553	0.967038
554	0.952517
555	0.957372
556	0.966219
557	0.951782
558	0.967068
559	0.957527
560	0.960309
561	0.956638
562	0.965576
563	0.951302
564	0.965872
565	0.957040
566	0.956573
567	0.966454
568	0.952757
569	0.967893
570	0.952296
571	0.965718
572	0.957000
573	0.957925
574	0.965993
575	0.952378
576	0.966697
577	0.955861
578	0.961692
579	0.962862
580	0.952997
581	0.966471
582	0.954459
583	0.959330
584	0.964087
585	0.954007
586	0.967047
587	0.954232
588	0.954704
589	0.967145
590	0.952095
591	0.965087
592	0.958803
593	0.957057
594	0.966596
595	0.952104
596	0.965532
597	0.956914
598	0.955069
599	0.966858
600	0.952032
601	0.954777
602	0.966339
603	0.953262
604	0.963393
605	0.959832
606	0.953014
607	0.967138
608	0.953412
609	0.959892
610	0.964219
611	0.951624
612	0.964872
613	0.957243
614	0.955938
615	0.965954
616	0.952909
617	0.961172
618	0.962312
619	0.951545
620	0.964034
621	0.959263
622	0.954730
623	0.966453
624	0.952602
625	0.957080
626	0.966397
627	0.951060
628	0.960750
629	0.962706
630	0.950072
631	0.958839
632	0.964147
633	0.951672
634	0.967584
635	0.954782
636	0.961467
637	0.962586
638	0.951828
639	0.964464
640	0.957797
641	0.955107
642	0.953251
643	0.966481
644	0.952392
645	0.957615
646	0.964219
647	0.951378
648	0.961802
649	0.961121
650	0.954227
651	0.966303
652	0.953153
653	0.958158
654	0.964657
655	0.951900
656	0.964362
657	0.957806
658	0.953797
659	0.965402
660	0.953828
661	0.955724
662	0.966337
663	0.952302
664	0.963916
665	0.959025
666	0.956186
667	0.965717
668	0.952175
669	0.966066
670	0.954022
671	0.959987
672	0.963057
673	0.952731
674	0.966343
675	0.956307
676	0.957109
677	0.964469
678	0.952076
679	0.964045
680	0.957921
681	0.956831
682	0.956924
683	0.965471
684	0.951375
685	0.965081
686	0.957224
687	0.951898
688	0.965597
689	0.953466
690	0.959079
691	0.962454
692	0.949868
693	0.965299
694	0.956524
695	0.955437
696	0.966008
697	0.950945
698	0.962793
699	0.960345
700	0.951784
701	0.966308
702	0.953951
703	0.959643
704	0.962340
705	0.951970
706	0.965243
707	0.957321
708	0.958406
709	0.964161
710	0.952146
711	0.965074
712	0.955982
713	0.950885
714	0.964062
715	0.958850
716	0.953594
717	0.966035
718	0.953532
719	0.953579
720	0.964792
721	0.955106
722	0.957252
723	0.964334
724	0.950780
725	0.965437
726	0.956667
727	0.955995
728	0.965658
729	0.950422
730	0.963093
731	0.959653
732	0.951046
733	0.965364
734	0.955316
735	0.951096
736	0.963768
737	0.957078
738	0.951843
739	0.965344
740	0.953772
741	0.954302
742	0.965088
743	0.951035
744	0.959133
745	0.963296
746	0.951689
747	0.966805
748	0.952302
749	0.958772
750	0.963274
751	0.950645
752	0.962470
753	0.960113
754	0.953016
755	0.965704
756	0.952369
757	0.960032
758	0.962061
759	0.951149
760	0.965754
761	0.956025
762	0.955638
763	0.965125
764	0.950930
765	0.961973
766	0.960997
767	0.950445
768	0.964438
769	0.957363
770	0.954759
771	0.964932
772	0.949683
773	0.961345
774	0.961529
775	0.950359
776	0.966067
777	0.953924
778	0.956260
779	0.963439
780	0.951432
781	0.965045
782	0.956881
783	0.952048
784	0.964547
785	0.956230
786	0.951906
787	0.966291
788	0.951534
789	0.957846
790	0.963341
791	0.950537
792	0.965032
793	0.955280
794	0.954494
795	0.966041
796	0.950330
797	0.961545
798	0.958762
799	0.952528
800	0.965822
801	0.950454
802	0.964631
803	0.957422
804	0.952403
805	0.966583
806	0.950960
807	0.957395
808	0.964094
809	0.950017
810	0.962304
811	0.959765
812	0.948902
813	0.962380
814	0.959031
815	0.950679
816	0.966061
817	0.953743
818	0.959827
819	0.961411
820	0.952812
821	0.966608
822	0.951133
823	0.963775
824	0.958090
825	0.956118
826	0.964099
827	0.951417
828	0.965144
829	0.953471
830	0.953439
831	0.966091
832	0.950465
833	0.958680
834	0.962965
835	0.949770
836	0.964148
837	0.956511
838	0.953667
839	0.964866
840	0.950855
841	0.961036
842	0.960773
843	0.953043
844	0.964594
845	0.951789
846	0.955813
847	0.964069
848	0.949790
849	0.959851
850	0.961158
851	0.954151
852	0.965295
853	0.950559
854	0.959155
855	0.961304
856	0.950992
857	0.966381
858	0.952283
859	0.959337
860	0.961883
861	0.949705
862	0.965383
863	0.954865
864	0.952035
865	0.964796
866	0.952439
867	0.951698
868	0.963929
869	0.955718
870	0.949379
871	0.965423
872	0.954394
873	0.952050
874	0.965441
875	0.952695
876	0.951382
877	0.964613
878	0.954996
879	0.947997
880	0.962492
881	0.960784
882	0.947273
883	0.955317
884	0.964516
885	0.950952
886	0.953917
887	0.964263
888	0.951245
889	0.954485
890	0.964303
891	0.948734
892	0.956656
893	0.963693
894	0.950770
895	0.952824
896	0.965647
897	0.952022
898	0.953194
899	0.965278
900	0.950294
901	0.964696
902	0.955128
903	0.954218
904	0.965322
905	0.949884
906	0.961996
907	0.959688
908	0.952879
909	0.965882
910	0.948284
911	0.959777
912	0.962220
913	0.947769
914	0.957382
915	0.964349
916	0.948095
917	0.962096
918	0.959442
919	0.948860
920	0.964192
921	0.958094
922	0.947016
923	0.960435
924	0.961624
925	0.946778
926	0.954008
927	0.964524
928	0.952455
929	0.946772
930	0.962124
931	0.960341
932	0.946087
933	0.956133
934	0.964280
935	0.949559
936	0.951554
937	0.965599
938	0.951596
939	0.952374
940	0.965742
941	0.948789
942	0.959727
943	0.962031
944	0.946889
945	0.961751
946	0.959588
947	0.947592
948	0.966288
949	0.953170
950	0.949484
951	0.966986
952	0.951146
953	0.958980
954	0.961676
955	0.948656
956	0.966039
957	0.953647
958	0.952996
959	0.966569
960	0.947839
961	0.958966
962	0.960449
963	0.947269
964	0.963674
965	0.956805
966	0.946723
967	0.965009
968	0.953722
969	0.950292
970	0.965671
971	0.950049
972	0.957544
973	0.963972
974	0.948151
975	0.966748
976	0.951133
977	0.957674
978	0.964215
979	0.946701
980	0.966242
981	0.952160
982	0.954312
983	0.964730
984	0.946360
985	0.955651
986	0.964305
987	0.947969
988	0.953132
989	0.965802
990	0.949442
991	0.952863
992	0.965923
993	0.948980
994	0.953692
995	0.965634
996	0.946730
997	0.956384
998	0.964441
999	0.948983
1000	0.953125
1001	0.964724
1002	0.952393
1003	0.947388
1004	0.964276
1005	0.955531
1006	0.949371
1007	0.965082
1008	0.952461
1009	0.948007
1010	0.965234
1011	0.953690
1012	0.949232
1013	0.964861
1014	0.953952
1015	0.949321
1016	0.967143
1017	0.948744
1018	0.956148
1019	0.963016
1020	0.947004
1021	0.964849
1022	0.953632
1023	0.952873
1024	0.964717
1025	0.948111
1026	0.967099
1027	0.950167
1028	0.958018
1029	0.963440
1030	0.948008
1031	0.966530
1032	0.952734
1033	0.950758
1034	0.965644
1035	0.949493
1036	0.962905
1037	0.957965
1038	0.948433
1039	0.966713
1040	0.949553
1041	0.960715
1042	0.958879
1043	0.949568
1044	0.965234
1045	0.949992
1046	0.955280
1047	0.963562
1048	0.946623
1049	0.958833
1050	0.960563
1051	0.946170
1052	0.962346
1053	0.957921
1054	0.947989
1055	0.967003
1056	0.950638
1057	0.956621
1058	0.962759
1059	0.947769
1060	0.966313
1061	0.951787
1062	0.956072
1063	0.964561
1064	0.947827
1065	0.966052
1066	0.952808
1067	0.956924
1068	0.962719
1069	0.948502
1070	0.965847
1071	0.952732
1072	0.954047
1073	0.965014
1074	0.946929
1075	0.962637
1076	0.957368
1077	0.948049
1078	0.965098
1079	0.954004
1080	0.956616
1081	0.963866
1082	0.947335
1083	0.965849
1084	0.949227
1085	0.960276
1086	0.960325
1087	0.947613
1088	0.964473
1089	0.954118
1090	0.948596
1091	0.967310
1092	0.948021
1093	0.960999
1094	0.957687
1095	0.948403
1096	0.967328
1097	0.948359
1098	0.961076
1099	0.958857
1100	0.948917
1101	0.966885
1102	0.951340
1103	0.957774
1104	0.961490
1105	0.946922
1106	0.965619
1107	0.952945
1108	0.953628
1109	0.965884
1110	0.947421
1111	0.965858
1112	0.951860
1113	0.950930
1114	0.965906
1115	0.947899
1116	0.965545
1117	0.952102
1118	0.958837
1119	0.959370
1120	0.949398
1121	0.965718
1122	0.947698
1123	0.958842
1124	0.959298
1125	0.951419
1126	0.965647
1127	0.946719
1128	0.961883
1129	0.956854
1130	0.949540
1131	0.966278
1132	0.948144
1133	0.960691
1134	0.958011
1135	0.947971
1136	0.966239
1137	0.948511
1138	0.964494
1139	0.954428
1140	0.952439
1141	0.964251
1142	0.947793
1143	0.963090
1144	0.955468
1145	0.952279
1146	0.964609
1147	0.947408
1148	0.960524
1149	0.956613
1150	0.951172
1151	0.965767
1152	0.947773
1153	0.964045
1154	0.953069
1155	0.954924
1156	0.963148
1157	0.948084
1158	0.965304
1159	0.949986
1160	0.958188
1161	0.960916
1162	0.947076
1163	0.966037
1164	0.950130
1165	0.955708
1166	0.961017
1167	0.948833
1168	0.964759
1169	0.952092
1170	0.949884
1171	0.965976
1172	0.947243
1173	0.960294
1174	0.957867
1175	0.945560
1176	0.960107
1177	0.958561
1178	0.944701
1179	0.955210
1180	0.962857
1181	0.947572
1182	0.950645
1183	0.965205
1184	0.946614
1185	0.959581
1186	0.960090
1187	0.945383
1188	0.961763
1189	0.957819
1190	0.947117
1191	0.965717
1192	0.948689
1193	0.952295
1194	0.963944
1195	0.949776
1196	0.947827
1197	0.964099
1198	0.951234
1199	0.957137
1200	0.959353
1201	0.945692
1202	0.961990
1203	0.957143
1204	0.945796
1205	0.961582
1206	0.956845
1207	0.945397
1208	0.962245
1209	0.954914
1210	0.948073
1211	0.965534
1212	0.946801
1213	0.955950
1214	0.962406
1215	0.947207
1216	0.959773
1217	0.957215
1218	0.945821
1219	0.962959
1220	0.953665
1221	0.952493
1222	0.963641
1223	0.947072
1224	0.956838
1225	0.961803
1226	0.945693
1227	0.959954
1228	0.957771
1229	0.944894
1230	0.958486
1231	0.959792
1232	0.944843
1233	0.954359
1234	0.962647
1235	0.948361
1236	0.948881
1237	0.963361
1238	0.952557
1239	0.946541
1240	0.965586
1241	0.951292
1242	0.948875
1243	0.963255
1244	0.952941
1245	0.945928
1246	0.961747
1247	0.956313
1248	0.943981
1249	0.957449
1250	0.960426
1251	0.944833
1252	0.955310
1253	0.960636
1254	0.944993
1255	0.962925
1256	0.954987
1257	0.945018
1258	0.961718
1259	0.955742
1260	0.945250
1261	0.962351
1262	0.954760
1263	0.948774
1264	0.965210
1265	0.947126
1266	0.956956
1267	0.962145
1268	0.944808
1269	0.956028
1270	0.961783
1271	0.944823
1272	0.960310
1273	0.957230
1274	0.948319
1275	0.964496
1276	0.948880
1277	0.956875
1278	0.960787
1279	0.945023
1280	0.964219
1281	0.952853
1282	0.949624
1283	0.964502
1284	0.945569
1285	0.957163
1286	0.961323
1287	0.943711
1288	0.955458
1289	0.962509
1290	0.943744
1291	0.954540
1292	0.962431
1293	0.944756
1294	0.964046
1295	0.952723
1296	0.952239
1297	0.963985
1298	0.943743
1299	0.959838
1300	0.958675
1301	0.946025
1302	0.966302
1303	0.946080
1304	0.957387
1305	0.960812
1306	0.943432
1307	0.955808
1308	0.963044
1309	0.944522
1310	0.952648
1311	0.964108
1312	0.945096
1313	0.956132
1314	0.962351
1315	0.944178
1316	0.953183
1317	0.963799
1318	0.946824
1319	0.948690
1320	0.965090
1321	0.947673
1322	0.953562
1323	0.962757
1324	0.943897
1325	0.957581
1326	0.960834
1327	0.942938
1328	0.961561
1329	0.954785
1330	0.945125
1331	0.963927
1332	0.951163
1333	0.950321
1334	0.964678
1335	0.946834
1336	0.950302
1337	0.963895
1338	0.947550
1339	0.947250
1340	0.964061
1341	0.949454
1342	0.952749
1343	0.963294
1344	0.944520
1345	0.958659
1346	0.958186
1347	0.944745
1348	0.964058
1349	0.949806
1350	0.951875
1351	0.963673
1352	0.944566
1353	0.957468
1354	0.960288
1355	0.944996
1356	0.964159
1357	0.950549
1358	0.950329
1359	0.963968
1360	0.943455
1361	0.957388
1362	0.959384
1363	0.943477
1364	0.962702
1365	0.952678
1366	0.950944
1367	0.964127
1368	0.943836
1369	0.958449
1370	0.958513
1371	0.943183
1372	0.959201
1373	0.959090
1374	0.943255
1375	0.960656
1376	0.955178
1377	0.948906
1378	0.963788
1379	0.946862
1380	0.955151
1381	0.961562
1382	0.943145
1383	0.962738
1384	0.953135
1385	0.947113
1386	0.963721
1387	0.949677
1388	0.949451
1389	0.963093
1390	0.949536
1391	0.947917
1392	0.963629
1393	0.951000
1394	0.944447
1395	0.963141
1396	0.954431
1397	0.942548
1398	0.961601
1399	0.956513
1400	0.945839
1401	0.963018
1402	0.951701
1403	0.942795
1404	0.961000
1405	0.956492
1406	0.942871
1407	0.961761
1408	0.955022
1409	0.945645
1410	0.964555
1411	0.947542
1412	0.951872
1413	0.963164
1414	0.944784
1415	0.952118
1416	0.962943
1417	0.944829
1418	0.954112
1419	0.962239
1420	0.944020
1421	0.964101
1422	0.950811
1423	0.949247
1424	0.964279
1425	0.943081
1426	0.959726
1427	0.958005
1428	0.945531
1429	0.967231
1430	0.944483
1431	0.961479
1432	0.954936
1433	0.948857
1434	0.964736
1435	0.944605
1436	0.961134
1437	0.955079
1438	0.945910
1439	0.964773
1440	0.946461
1441	0.946222
1442	0.963664
1443	0.949044
1444	0.950109
1445	0.964421
1446	0.942505
1447	0.960363
1448	0.957179
1449	0.942721
1450	0.963030
1451	0.953388
1452	0.948222
1453	0.964510
1454	0.942842
1455	0.960966
1456	0.953266
1457	0.950014
1458	0.963639
1459	0.944069
1460	0.965081
1461	0.948494
1462	0.955772
1463	0.960573
1464	0.943406
1465	0.965289
1466	0.947277
1467	0.959448
1468	0.956298
1469	0.950385
1470	0.963807
1471	0.941750
1472	0.960375
1473	0.954787
1474	0.948199
1475	0.964148
1476	0.942548
1477	0.961624
1478	0.955458
1479	0.942486
1480	0.964604
1481	0.951058
1482	0.948721
1483	0.964818
1484	0.943698
1485	0.953592
1486	0.961891
1487	0.942068
1488	0.960374
1489	0.955803
1490	0.944732
1491	0.964602
1492	0.946913
1493	0.953220
1494	0.963072
1495	0.941590
1496	0.960832
1497	0.955170
1498	0.944506
1499	0.966187
1500	0.944718
1501	0.953218
1502	0.963037
1503	0.942832
1504	0.950438
1505	0.963024
1506	0.944112
1507	0.954228
1508	0.959566
1509	0.942658
1510	0.963850
1511	0.951801
1512	0.944610
1513	0.964020
1514	0.949233
1515	0.946885
1516	0.964107
1517	0.946459
1518	0.949789
1519	0.964728
1520	0.942787
1521	0.957594
1522	0.958661
1523	0.941476
1524	0.962732
1525	0.951940
1526	0.949585
1527	0.963353
1528	0.942318
1529	0.962856
1530	0.952457
1531	0.950598
1532	0.964345
1533	0.942684
1534	0.967551
1535	0.943428
1536	0.960848
1537	0.955231
1538	0.944744
1539	0.965213
1540	0.946393
1541	0.951126
1542	0.962326
1543	0.942065
1544	0.961229
1545	0.955004
1546	0.944287
1547	0.965758
1548	0.945260
1549	0.954660
1550	0.960536
1551	0.940403
1552	0.958878
1553	0.957758
1554	0.943448
1555	0.964251
1556	0.949927
1557	0.946142
1558	0.965866
1559	0.942242
1560	0.957154
1561	0.960669
1562	0.941647
1563	0.964991
1564	0.948275
1565	0.947428
1566	0.964984
1567	0.940957
1568	0.958219
1569	0.959401
1570	0.939469
1571	0.961102
1572	0.956338
1573	0.943321
1574	0.966901
1575	0.946773
1576	0.953356
1577	0.963427
1578	0.940369
1579	0.963820
1580	0.953505
1581	0.942858
1582	0.965635
1583	0.946365
1584	0.951132
1585	0.963419
1586	0.941079
1587	0.958982
1588	0.956421
1589	0.943297
1590	0.966357
1591	0.944781
1592	0.945920
1593	0.964806
1594	0.947850
1595	0.942916
1596	0.964604
1597	0.950217
1598	0.945508
1599	0.965677
1600	0.941279
1601	0.948662
1602	0.964381
1603	0.943954
1604	0.947235
1605	0.964083
1606	0.946536
1607	0.944472
1608	0.964415
1609	0.946747
1610	0.951218
1611	0.962900
1612	0.943225
1613	0.945195
1614	0.962773
1615	0.952263
1616	0.939416
1617	0.955626
1618	0.961367
1619	0.942100
1620	0.944993
1621	0.962962
1622	0.950810
1623	0.939812
1624	0.957422
1625	0.959519
1626	0.940636
1627	0.948786
1628	0.963287
1629	0.947954
1630	0.940864
1631	0.960685
1632	0.956122
1633	0.939248
1634	0.956532
1635	0.960375
1636	0.940407
1637	0.961074
1638	0.954274
1639	0.940546
1640	0.963409
1641	0.952972
1642	0.941307
1643	0.965993
1644	0.944263
1645	0.953448
1646	0.960138
1647	0.940091
1648	0.959400
1649	0.958828
1650	0.939973
1651	0.962223
1652	0.950844
1653	0.946651
1654	0.964944
1655	0.941285
1656	0.956234
1657	0.960360
1658	0.940290
1659	0.955800
1660	0.959693
1661	0.941183
1662	0.963360
1663	0.950163
1664	0.951676
1665	0.962475
1666	0.943477
1667	0.964969
1668	0.944213
1669	0.957370
1670	0.953043
1671	0.942388
1672	0.965985
1673	0.942042
1674	0.961180
1675	0.951756
1676	0.950971
1677	0.962045
1678	0.941383
1679	0.965163
1680	0.944255
1681	0.952007
1682	0.961219
1683	0.940730
1684	0.960518
1685	0.954767
1686	0.940913
1687	0.961989
1688	0.952342
1689	0.941042
1690	0.961931
1691	0.951288
1692	0.942850
1693	0.964352
1694	0.944959
1695	0.954791
1696	0.959208
1697	0.940104
1698	0.960509
1699	0.953689
1700	0.939344
1701	0.958773
1702	0.957342
1703	0.939544
1704	0.955326
1705	0.959519
1706	0.940755
1707	0.950915
1708	0.962381
1709	0.942889
1710	0.948007
1711	0.963534
1712	0.943436
1713	0.954235
1714	0.960578
1715	0.941504
1716	0.963325
1717	0.948795
1718	0.950901
1719	0.962222
1720	0.940806
1721	0.957493
1722	0.956453
1723	0.940791
1724	0.961870
1725	0.950616
1726	0.943511
1727	0.963285
1728	0.947793
1729	0.941507
1730	0.961801
1731	0.952562
1732	0.940083
1733	0.961065
1734	0.952803
1735	0.947933
1736	0.963660
1737	0.939671
1738	0.960928
1739	0.953879
1740	0.944014
1741	0.963592
1742	0.943606
1743	0.952936
1744	0.959572
1745	0.941320
1746	0.964114
1747	0.945858
1748	0.953529
1749	0.959356
1750	0.942863
1751	0.965388
1752	0.941083
1753	0.962151
1754	0.950527
1755	0.949684
1756	0.961260
1757	0.939923
1758	0.962901
1759	0.948279
1760	0.953185
1761	0.960919
1762	0.941102
1763	0.962388
1764	0.948676
1765	0.949863
1766	0.959978
1767	0.940203
1768	0.963907
1769	0.948160
1770	0.952334
1771	0.960509
1772	0.940906
1773	0.961641
1774	0.949562
1775	0.941884
1776	0.962483
1777	0.946202
1778	0.948282
1779	0.963294
1780	0.941488
1781	0.957182
1782	0.958737
1783	0.939809
1784	0.955691
1785	0.958624
1786	0.938810
1787	0.955277
1788	0.959534
1789	0.939868
1790	0.960647
1791	0.952202
1792	0.947438
1793	0.962642
1794	0.941570
1795	0.949920
1796	0.962836
1797	0.942420
1798	0.952373
1799	0.961103
1800	0.940304
1801	0.957839
1802	0.953922
1803	0.941047
1804	0.962116
1805	0.948377
1806	0.947391
1807	0.962070
1808	0.940864
1809	0.952506
1810	0.960640
1811	0.941155
1812	0.952118
1813	0.960032
1814	0.940755
1815	0.952634
1816	0.959845
1817	0.940510
1818	0.954421
1819	0.957161
1820	0.942757
1821	0.963168
1822	0.945712
1823	0.950048
1824	0.960586
1825	0.939959
1826	0.958678
1827	0.954536
1828	0.940078
1829	0.960347
1830	0.952062
1831	0.940139
1832	0.960009
1833	0.953308
1834	0.940081
1835	0.961544
1836	0.949708
1837	0.943405
1838	0.963149
1839	0.947492
1840	0.941338
1841	0.959539
1842	0.954089
1843	0.938847
1844	0.952542
1845	0.959589
1846	0.941233
1847	0.945186
1848	0.962008
1849	0.945336
1850	0.947908
1851	0.963029
1852	0.940964
1853	0.954515
1854	0.958471
1855	0.939874
1856	0.959324
1857	0.951790
1858	0.943037
1859	0.962739
1860	0.941288
1861	0.949928
1862	0.960885
1863	0.943232
1864	0.946518
1865	0.962460
1866	0.944564
1867	0.946612
1868	0.962694
1869	0.939281
1870	0.953348
1871	0.958678
1872	0.939455
1873	0.958369
1874	0.954982
1875	0.937576
1876	0.954100
1877	0.958851
1878	0.939483
1879	0.961153
1880	0.949120
1881	0.942487
1882	0.964517
1883	0.941528
1884	0.960036
1885	0.949680
1886	0.949865
1887	0.960672
1888	0.939222
1889	0.958526
1890	0.951204
1891	0.943561
1892	0.962190
1893	0.943422
1894	0.951334
1895	0.959395
1896	0.940238
1897	0.961825
1898	0.947832
1899	0.941772
1900	0.962027
1901	0.944718
1902	0.951282
1903	0.959868
1904	0.940171
1905	0.950446
1906	0.961030
1907	0.940936
1908	0.949645
1909	0.960704
1910	0.940545
1911	0.954957
1912	0.957533
1913	0.939386
1914	0.957194
1915	0.954481
1916	0.940259
1917	0.963010
1918	0.944410
1919	0.948347
1920	0.960513
1921	0.939676
1922	0.960234
1923	0.949824
1924	0.943605
1925	0.964184
1926	0.940943
1927	0.956280
1928	0.956262
1929	0.938299
1930	0.958400
1931	0.953744
1932	0.939143
1933	0.960988
1934	0.951156
1935	0.941239
1936	0.964627
1937	0.941386
1938	0.952355
1939	0.959380
1940	0.940895
1941	0.964243
1942	0.943687
1943	0.953526
1944	0.958780
1945	0.938648
1946	0.959060
1947	0.950517
1948	0.943323
1949	0.962646
1950	0.943491
1951	0.955046
1952	0.956048
1953	0.938971
1954	0.959895
1955	0.952261
1956	0.945332
1957	0.962378
1958	0.940792
1959	0.953415
1960	0.956144
1961	0.937658
1962	0.956082
1963	0.956675
1964	0.938282
1965	0.954882
1966	0.957541
1967	0.938157
1968	0.950848
1969	0.960242
1970	0.939260
1971	0.951794
1972	0.958597
1973	0.938512
1974	0.958698
1975	0.952641
1976	0.938448
1977	0.958752
1978	0.953917
1979	0.939935
1980	0.961366
1981	0.948684
1982	0.940034
1983	0.960898
1984	0.948896
1985	0.941971
1986	0.963734
1987	0.942839
1988	0.951184
1989	0.959904
1990	0.937994
1991	0.952079
1992	0.959556
1993	0.939707
1994	0.949476
1995	0.961673
1996	0.940372
1997	0.950221
1998	0.961098
1999	0.939283
2000	0.952996
2001	0.960037
2002	0.938936
2003	0.947322
2004	0.961508
2005	0.941899
2006	0.945898
2007	0.961335
2008	0.940461
2009	0.948961
2010	0.960281
2011	0.940385
2012	0.944365
2013	0.961646
2014	0.944593
2015	0.940755
2016	0.961123
2017	0.949007
2018	0.938521
2019	0.959255
2020	0.952747
2021	0.939737
2022	0.962966
2023	0.944441
2024	0.950038
2025	0.960557
2026	0.938681
2027	0.958958
2028	0.954092
2029	0.939021
2030	0.961252
2031	0.947906
2032	0.945949
2033	0.960805
2034	0.940335
2035	0.951687
2036	0.958820
2037	0.938918
2038	0.951695
2039	0.958269
2040	0.938007
2041	0.955901
2042	0.954840
2043	0.938232
2044	0.956980
2045	0.952034
2046	0.943098
2047	0.961721
2048	0.943060
2049	0.947051
2050	0.960237
2051	0.940258
2052	0.946566
2053	0.960973
2054	0.940662
2055	0.951328
2056	0.958451
2057	0.938454
2058	0.956232
2059	0.953555
2060	0.938370
2061	0.959873
2062	0.946348
2063	0.951290
2064	0.956908
2065	0.940514
2066	0.961988
2067	0.943743
2068	0.952434
2069	0.956960
2070	0.937622
2071	0.954451
2072	0.956495
2073	0.938983
2074	0.962247
2075	0.942206
2076	0.949162
2077	0.958849
2078	0.939613
2079	0.961102
2080	0.943092
2081	0.950852
2082	0.956715
2083	0.938547
2084	0.958703
2085	0.948418
2086	0.945848
2087	0.959645
2088	0.939133
2089	0.957875
2090	0.950185
2091	0.943815
2092	0.962136
2093	0.939083
2094	0.951672
2095	0.956818
2096	0.939646
2097	0.957856
2098	0.950719
2099	0.939583
2100	0.958331
2101	0.949600
2102	0.945607
2103	0.959413
2104	0.938678
2105	0.955059
2106	0.953087
2107	0.939798
2108	0.960676
2109	0.944852
2110	0.950453
2111	0.957216
2112	0.941526
2113	0.961673
2114	0.942661
2115	0.954510
2116	0.954358
2117	0.938409
2118	0.959087
2119	0.947090
2120	0.950159
2121	0.959814
2122	0.938761
2123	0.953406
2124	0.955108
2125	0.939989
2126	0.959798
2127	0.945729
2128	0.942046
2129	0.961018
2130	0.942965
2131	0.945643
2132	0.960448
2133	0.941405
2134	0.946426
2135	0.960094
2136	0.940967
2137	0.946022
2138	0.960333
2139	0.941347
2140	0.943472
2141	0.960791
2142	0.943553
2143	0.942515
2144	0.961316
2145	0.942621
2146	0.945929
2147	0.960897
2148	0.940679
2149	0.944619
2150	0.960841
2151	0.943622
2152	0.943260
2153	0.961343
2154	0.941464
2155	0.951931
2156	0.955352
2157	0.939979
2158	0.961600
2159	0.943038
2160	0.953822
2161	0.956809
2162	0.940429
2163	0.959239
2164	0.945828
2165	0.943866
2166	0.961474
2167	0.938451
2168	0.955375
2169	0.952685
2170	0.941117
2171	0.961522
2172	0.942807
2173	0.944745
2174	0.960719
2175	0.940173
2176	0.960186
2177	0.946237
2178	0.946483
2179	0.960280
2180	0.937453
2181	0.961483
2182	0.944752
2183	0.945077
2184	0.960808
2185	0.938341
2186	0.956479
2187	0.952827
2188	0.938147
2189	0.962136
2190	0.943385
2191	0.947906
2192	0.959881
2193	0.937574
2194	0.956438
2195	0.953771
2196	0.938728
2197	0.961803
2198	0.943715
2199	0.946378
2200	0.959166
2201	0.939167
2202	0.946119
2203	0.960733
2204	0.938616
2205	0.948466
2206	0.959983
2207	0.937905
2208	0.955212
2209	0.952075
2210	0.939635
2211	0.958723
2212	0.948941
2213	0.938366
2214	0.961220
2215	0.943385
2216	0.942518
2217	0.960129
2218	0.945027
2219	0.938092
2220	0.957473
2221	0.950026
2222	0.937348
2223	0.956492
2224	0.952822
2225	0.936278
2226	0.954680
2227	0.953300
2228	0.937852
2229	0.959733
2230	0.945461
2231	0.943022
2232	0.960614
2233	0.937952
2234	0.955453
2235	0.950360
2236	0.938999
2237	0.961970
2238	0.941223
2239	0.948857
2240	0.957828
2241	0.937026
2242	0.955159
2243	0.951086
2244	0.941472
2245	0.961336
2246	0.938979
2247	0.954517
2248	0.953515
2249	0.938946
2250	0.962304
2251	0.938060
2252	0.956329
2253	0.950454
2254	0.940818
2255	0.961363
2256	0.938510
2257	0.959756
2258	0.944840
2259	0.950443
2260	0.954959
2261	0.939374
2262	0.962094
2263	0.938985
2264	0.955810
2265	0.951205
2266	0.941945
2267	0.960846
2268	0.938582
2269	0.957724
2270	0.946506
2271	0.946684
2272	0.957670
2273	0.937527
2274	0.959680
2275	0.943277
2276	0.947102
2277	0.958995
2278	0.938559
2279	0.958799
2280	0.943689
2281	0.940574
2282	0.960561
2283	0.939443
2284	0.953964
2285	0.952534
2286	0.937473
2287	0.959758
2288	0.943049
2289	0.949001
2290	0.957739
2291	0.936673
2292	0.958360
2293	0.946707
2294	0.940956
2295	0.960787
2296	0.940038
2297	0.956368
2298	0.951445
2299	0.938375
2300	0.961845
2301	0.941393
2302	0.953103
2303	0.953582
2304	0.941424
2305	0.960414
2306	0.938888
2307	0.947550
2308	0.958251
2309	0.936755
2310	0.960280
2311	0.946380
2312	0.938712
2313	0.960844
2314	0.941019
2315	0.953741
2316	0.953739
2317	0.938352
2318	0.961460
2319	0.940663
2320	0.958569
2321	0.948350
2322	0.947097
2323	0.957350
2324	0.937749
2325	0.962876
2326	0.939140
2327	0.953063
2328	0.952752
2329	0.943213
2330	0.960104
2331	0.938700
2332	0.962039
2333	0.938020
2334	0.958626
2335	0.947108
2336	0.948258
2337	0.955868
2338	0.937682
2339	0.961349
2340	0.940438
2341	0.948458
2342	0.957127
2343	0.935332
2344	0.956741
2345	0.948317
2346	0.946005
2347	0.959358
2348	0.936606
2349	0.962572
2350	0.941210
2351	0.946411
2352	0.960313
2353	0.935866
2354	0.960283
2355	0.944945
2356	0.946032
2357	0.958889
2358	0.936991
2359	0.961002
2360	0.942082
2361	0.947201
2362	0.957084
2363	0.936239
2364	0.960217
2365	0.942771
2366	0.948293
2367	0.958545
2368	0.935703
2369	0.955664
2370	0.952739
2371	0.936420
2372	0.961558
2373	0.939451
2374	0.951917
2375	0.953811
2376	0.935653
2377	0.959087
2378	0.945796
2379	0.941256
2380	0.961674
2381	0.936949
2382	0.953225
2383	0.952751
2384	0.935659
2385	0.959852
2386	0.944787
2387	0.944668
2388	0.960695
2389	0.936408
2390	0.959411
2391	0.946457
2392	0.945491
2393	0.958369
2394	0.935209
2395	0.956770
2396	0.947480
2397	0.943935
2398	0.960104
2399	0.936146
2400	0.961750
2401	0.942330
2402	0.946652
2403	0.956873
2404	0.936481
2405	0.961626
2406	0.938895
2407	0.952657
2408	0.954170
2409	0.937809
2410	0.961717
2411	0.936788
2412	0.954017
2413	0.950707
2414	0.942066
2415	0.959019
2416	0.935335
2417	0.959434
2418	0.945139
2419	0.949306
2420	0.953823
2421	0.937991
2422	0.962484
2423	0.936420
2424	0.958907
2425	0.945750
2426	0.947113
2427	0.956617
2428	0.937849
2429	0.963039
2430	0.936339
2431	0.957287
2432	0.945933
2433	0.946931
2434	0.956713
2435	0.937693
2436	0.962303
2437	0.938133
2438	0.957722
2439	0.947681
2440	0.947606
2441	0.956892
2442	0.935354
2443	0.958038
2444	0.945251
2445	0.944625
2446	0.958042
2447	0.936874
2448	0.960110
2449	0.941908
2450	0.942726
2451	0.958249
2452	0.936713
2453	0.950163
2454	0.954286
2455	0.936374
2456	0.959008
2457	0.945536
2458	0.942998
2459	0.959635
2460	0.940392
2461	0.938031
2462	0.958696
2463	0.944106
2464	0.940277
2465	0.960691
2466	0.940839
2467	0.943782
2468	0.959222
2469	0.937098
2470	0.949753
2471	0.956188
2472	0.934716
2473	0.956734
2474	0.948644
2475	0.939556
2476	0.960680
2477	0.939441
2478	0.949099
2479	0.955341
2480	0.936759
2481	0.957302
2482	0.944401
2483	0.941689
2484	0.959152
2485	0.937624
2486	0.953277
2487	0.952383
2488	0.935867
2489	0.956786
2490	0.946154
2491	0.939957
2492	0.959358
2493	0.935692
2494	0.950058
2495	0.951809
2496	0.936967
2497	0.959116
2498	0.942701
2499	0.945175
2500	0.957085
2501	0.934513
2502	0.955287
2503	0.950584
2504	0.935831
2505	0.959012
2506	0.943218
2507	0.942352
2508	0.959789
2509	0.937293
2510	0.959554
2511	0.942658
2512	0.948662
2513	0.957352
2514	0.936157
2515	0.960334
2516	0.940481
2517	0.954613
2518	0.949074
2519	0.949739
2520	0.950033
2521	0.935948
2522	0.960250
2523	0.939182
2524	0.948436
2525	0.954999
2526	0.937304
2527	0.961807
2528	0.936015
2529	0.960034
2530	0.940998
2531	0.954035
2532	0.945106
2533	0.949986
2534	0.953362
2535	0.936124
2536	0.959010
2537	0.942334
2538	0.952995
2539	0.953599
2540	0.941268
2541	0.960405
2542	0.936435
2543	0.962336
2544	0.936040
2545	0.958217
2546	0.942845
2547	0.953595
2548	0.949048
2549	0.939275
2550	0.960194
2551	0.934542
2552	0.957545
2553	0.941318
2554	0.951384
2555	0.951512
2556	0.938484
2557	0.960499
2558	0.935856
2559	0.948517
2560	0.955135
