0	0.994016
1	0.876790
2	0.883840
3	0.897724
4	0.876909
5	0.884308
6	0.887653
7	0.908264
8	0.867066
9	0.933065
10	0.933668
11	0.842841
12	0.904702
13	0.906070
14	0.854390
15	0.915365
16	0.856737
17	0.910245
18	0.860884
19	0.905663
20	0.882513
21	0.954002
22	0.905524
23	0.851216
24	0.874184
25	0.906105
26	0.871974
27	0.910005
28	0.859524
29	0.898434
30	0.869188
31	0.885315
32	0.871981
33	0.885579
34	0.882873
35	0.908499
36	0.874738
37	0.904900
38	0.882669
39	0.911901
40	0.861521
41	0.924343
42	0.854761
43	0.916039
44	0.844873
45	0.940638
46	0.832168
47	0.934734
48	0.837186
49	0.933302
50	0.831657
51	0.939979
52	0.831040
53	0.943494
54	0.819522
55	0.942128
56	0.826653
57	0.926596
58	0.842149
59	0.941499
60	0.830878
61	0.925863
62	0.886792
63	0.870802
64	0.911482
65	0.850398
66	0.919489
67	0.856977
68	0.927973
69	0.855129
70	0.909714
71	0.888000
72	0.887317
73	0.881555
74	0.878445
75	0.890331
76	0.871308
77	0.904257
78	0.894861
79	0.917058
80	0.865247
81	0.900951
82	0.867753
83	0.882182
84	0.899136
85	0.879917
86	0.888466
87	0.920566
88	0.853865
89	0.916181
90	0.872802
91	0.913969
92	0.869263
93	0.896206
94	0.866434
95	0.902587
96	0.885270
97	0.885774
98	0.893634
99	0.860795
100	0.912342
101	0.844550
102	0.925014
103	0.839702
104	0.926675
105	0.844026
106	0.915738
107	0.846243
108	0.928341
109	0.851270
110	0.915738
111	0.935054
112	0.899498
113	0.850515
114	0.939829
115	0.860242
116	0.916112
117	0.832762
118	0.929970
119	0.854638
120	0.869992
121	0.897201
122	0.854069
123	0.932173
124	0.841987
125	0.939706
126	0.834804
127	0.923544
128	0.901354
129	0.873474
130	0.893268
131	0.871501
132	0.933902
133	0.889168
134	0.890193
135	0.896532
136	0.874239
137	0.904004
138	0.884699
139	0.875087
140	0.924904
141	0.926545
142	0.937050
143	0.893509
144	0.850542
145	0.921066
146	0.884035
147	0.886948
148	0.898616
149	0.882020
150	0.877825
151	0.926487
152	0.871699
153	0.885689
154	0.920033
155	0.866494
156	0.859934
157	0.865355
158	0.913857
159	0.907279
160	0.869263
161	0.927284
162	0.882747
163	0.889354
164	0.914624
165	0.893110
166	0.859466
167	0.858144
168	0.865771
169	0.939997
170	0.894769
171	0.868787
172	0.886243
173	0.908851
174	0.920780
175	0.885023
176	0.848908
177	0.933894
178	0.865000
179	0.894017
180	0.854524
181	0.912041
182	0.866317
183	0.881580
184	0.884213
185	0.887853
186	0.889028
187	0.880949
188	0.884525
189	0.875634
190	0.900548
191	0.854843
192	0.907297
193	0.870668
194	0.894077
195	0.879198
196	0.897808
197	0.898146
198	0.878656
199	0.908146
200	0.877316
201	0.902685
202	0.874560
203	0.887253
204	0.910444
205	0.897593
206	0.883897
207	0.881194
208	0.897764
209	0.908206
210	0.841707
211	0.936702
212	0.865411
213	0.874788
214	0.941542
215	0.885415
216	0.894750
217	0.889193
218	0.886226
219	0.942547
220	0.866238
221	0.897528
222	0.934520
223	0.846193
224	0.923408
225	0.896463
226	0.850479
227	0.858289
228	0.898589
229	0.957362
230	0.934852
231	0.949177
232	0.922397
233	0.895126
234	0.855495
235	0.853268
236	0.920019
237	0.948103
238	0.940202
239	0.970097
240	0.943816
241	0.897759
242	0.853473
243	0.934201
244	0.942906
245	0.884466
246	0.869633
247	0.916587
248	0.852667
249	0.926243
250	0.846781
251	0.912640
252	0.851535
253	0.889914
254	0.898032
255	0.867900
256	0.923488
257	0.856083
258	0.903678
259	0.899649
260	0.857242
261	0.929362
262	0.857397
263	0.901592
264	0.920643
265	0.835996
266	0.936886
267	0.830489
268	0.926093
269	0.838772
270	0.952081
271	0.905377
272	0.854773
273	0.930292
274	0.906507
275	0.841560
276	0.921918
277	0.868409
278	0.925825
279	0.834771
280	0.926492
281	0.843454
282	0.914831
283	0.850632
284	0.885403
285	0.880546
286	0.902048
287	0.894091
288	0.893054
289	0.886347
290	0.873145
291	0.895854
292	0.897762
293	0.846374
294	0.920296
295	0.841083
296	0.933509
297	0.839609
298	0.921479
299	0.848765
300	0.920649
301	0.861737
302	0.906248
303	0.877387
304	0.909941
305	0.878371
306	0.891583
307	0.917483
308	0.856760
309	0.909959
310	0.876704
311	0.899558
312	0.878497
313	0.887880
314	0.894235
315	0.888258
316	0.878418
317	0.896891
318	0.867653
319	0.927597
320	0.922698
321	0.828737
322	0.900326
323	0.937652
324	0.954757
325	0.931421
326	0.863812
327	0.849040
328	0.881638
329	0.896402
330	0.930688
331	0.920019
332	0.942579
333	0.850768
334	0.864607
335	0.895836
336	0.941598
337	0.952371
338	0.932281
339	0.878464
340	0.862814
341	0.923504
342	0.928721
343	0.888831
344	0.921322
345	0.891761
346	0.910376
347	0.916477
348	0.866400
349	0.906339
350	0.891583
351	0.879038
352	0.875191
353	0.889045
354	0.870386
355	0.911050
356	0.886040
357	0.871387
358	0.888693
359	0.904031
360	0.870480
361	0.896228
362	0.868282
363	0.891994
364	0.866645
365	0.901774
366	0.875757
367	0.897918
368	0.853194
369	0.923617
370	0.850763
371	0.909042
372	0.872892
373	0.902288
374	0.887098
375	0.873549
376	0.906118
377	0.872312
378	0.911097
379	0.872416
380	0.906072
381	0.886531
382	0.882262
383	0.885280
384	0.896837
385	0.870077
386	0.899349
387	0.868791
388	0.896808
389	0.880943
390	0.930550
391	0.841646
392	0.951123
393	0.890189
394	0.908401
395	0.918481
396	0.875002
397	0.973000
398	0.967328
399	0.869829
400	0.880940
401	0.840495
402	0.934140
403	0.847486
404	0.872032
405	0.946547
406	0.942148
407	0.903350
408	0.823709
409	0.938142
410	0.942766
411	0.887758
412	0.840557
413	0.976049
414	0.961951
415	0.951141
416	0.886276
417	0.866641
418	0.828368
419	0.944925
420	0.827254
421	0.940502
422	0.843309
423	0.913894
424	0.879296
425	0.886899
426	0.903569
427	0.866443
428	0.897707
429	0.833861
430	0.934756
431	0.836937
432	0.931969
433	0.849461
434	0.907833
435	0.896063
436	0.843992
437	0.907212
438	0.884764
439	0.872746
440	0.900635
441	0.864072
442	0.892498
443	0.865377
444	0.894466
445	0.859553
446	0.896782
447	0.871998
448	0.897016
449	0.869420
450	0.901315
451	0.881455
452	0.892605
453	0.886076
454	0.888920
455	0.879408
456	0.946077
457	0.829326
458	0.929962
459	0.841697
460	0.908324
461	0.927307
462	0.852164
463	0.903730
464	0.881754
465	0.897265
466	0.890765
467	0.919004
468	0.897201
469	0.897371
470	0.853068
471	0.911474
472	0.838594
473	0.909762
474	0.863989
475	0.914023
476	0.853819
477	0.916827
478	0.854940
479	0.922047
480	0.856675
481	0.918939
482	0.860291
483	0.910106
484	0.885103
485	0.871102
486	0.928057
487	0.912843
488	0.877562
489	0.905397
490	0.944850
491	0.873529
492	0.865811
493	0.949884
494	0.867680
495	0.866027
496	0.935060
497	0.841794
498	0.863998
499	0.939266
500	0.832764
501	0.882097
502	0.893384
503	0.886226
504	0.945158
505	0.892486
506	0.901252
507	0.904904
508	0.881343
509	0.887217
510	0.854485
511	0.935150
512	0.908500
513	0.830884
514	0.945106
515	0.945949
516	0.850507
517	0.833733
518	0.860713
519	0.935825
520	0.901499
521	0.758490
522	0.782248
523	0.677211
524	0.792392
525	0.743023
526	0.733459
527	0.805322
528	0.662588
529	0.817981
530	0.779964
531	0.665422
532	0.801548
533	0.759562
534	0.697870
535	0.822491
536	0.731757
537	0.757055
538	0.835255
539	0.666937
540	0.773181
541	0.810671
542	0.705236
543	0.717258
544	0.783442
545	0.815724
546	0.697429
547	0.736992
548	0.805163
549	0.734648
550	0.728495
551	0.829755
552	0.689167
553	0.805256
554	0.781543
555	0.675862
556	0.831131
557	0.711197
558	0.724193
559	0.824642
560	0.673372
561	0.728891
562	0.872504
563	0.730346
564	0.810206
565	0.839212
566	0.735194
567	0.782230
568	0.826690
569	0.729121
570	0.822219
571	0.832334
572	0.736011
573	0.861439
574	0.779442
575	0.806920
576	0.849302
577	0.763828
578	0.776841
579	0.846587
580	0.751357
581	0.804282
582	0.769252
583	0.812294
584	0.765712
585	0.814765
586	0.814476
587	0.781881
588	0.800665
589	0.788880
590	0.805173
591	0.802366
592	0.784882
593	0.738535
594	0.864809
595	0.709341
596	0.856448
597	0.759569
598	0.741186
599	0.798404
600	0.798709
601	0.843494
602	0.806858
603	0.871278
604	0.754211
605	0.871592
606	0.799561
607	0.835846
608	0.849136
609	0.771137
610	0.838598
611	0.800392
612	0.842075
613	0.863789
614	0.754802
615	0.872252
616	0.826215
617	0.795733
618	0.874274
619	0.763574
620	0.819709
621	0.819056
622	0.831722
623	0.833089
624	0.811138
625	0.831034
626	0.803486
627	0.849762
628	0.813586
629	0.833702
630	0.824442
631	0.774555
632	0.823720
633	0.847326
634	0.781290
635	0.827587
636	0.780575
637	0.877965
638	0.766173
639	0.828553
640	0.857406
641	0.782520
642	0.888853
643	0.831222
644	0.808409
645	0.880611
646	0.812297
647	0.885772
648	0.836225
649	0.826245
650	0.873563
651	0.840658
652	0.840648
653	0.839390
654	0.853089
655	0.829768
656	0.867322
657	0.835909
658	0.872629
659	0.891198
660	0.837280
661	0.817498
662	0.893650
663	0.829725
664	0.857082
665	0.851586
666	0.851838
667	0.835561
668	0.903375
669	0.793920
670	0.903056
671	0.838908
672	0.808263
673	0.901237
674	0.800633
675	0.907165
676	0.795884
677	0.928590
678	0.773182
679	0.924660
680	0.783002
681	0.805344
682	0.914523
683	0.903528
684	0.870362
685	0.924323
686	0.798929
687	0.913576
688	0.824952
689	0.885381
690	0.883294
691	0.920412
692	0.841760
693	0.867842
694	0.897555
695	0.890485
696	0.838131
697	0.846855
698	0.898980
699	0.918367
700	0.830636
701	0.869300
702	0.898230
703	0.805699
704	0.934852
705	0.798543
706	0.937395
707	0.816180
708	0.887344
709	0.855536
710	0.849248
711	0.889865
712	0.851231
713	0.872957
714	0.897413
715	0.908672
716	0.844467
717	0.869623
718	0.893292
719	0.879213
720	0.936856
721	0.914527
722	0.900445
723	0.898258
724	0.877726
725	0.938809
726	0.866458
727	0.896105
728	0.929066
729	0.854994
730	0.948663
731	0.934821
732	0.879476
733	0.838146
734	0.865493
735	0.919972
736	0.935489
737	0.870487
738	0.863575
739	0.901978
740	0.964271
741	0.964869
742	0.845152
743	0.861272
744	0.935134
745	0.962246
746	0.974782
747	0.975347
748	0.927542
749	0.957563
750	0.918089
751	0.828716
752	0.960921
753	0.937570
754	0.825171
755	0.962851
756	0.821744
757	0.936910
758	0.910431
759	0.879660
760	0.924989
761	0.874858
762	0.880872
763	0.930208
764	0.970358
765	0.956305
766	0.934913
767	0.835696
768	0.896647
769	0.965097
770	0.993251
771	0.973710
772	0.993915
773	0.954531
774	0.926457
775	0.908567
776	0.915340
777	0.897679
778	0.886102
779	0.891861
780	0.913242
781	0.884280
782	0.937954
783	0.988826
784	0.985858
785	0.859645
786	0.865982
787	0.920259
788	0.974330
789	0.957486
790	0.969921
791	0.937694
792	0.923214
793	0.866306
794	0.916279
795	0.922840
796	0.941043
797	0.923325
798	0.932296
799	0.909933
800	0.896437
801	0.933838
802	0.965617
803	0.942475
804	0.938853
805	0.941561
806	0.953202
807	0.954974
808	0.875939
809	0.925866
810	0.983703
811	0.968465
812	0.893711
813	0.940452
814	0.960333
815	0.893960
816	0.899889
817	0.955528
818	0.923537
819	0.955256
820	0.880612
821	0.948545
822	0.915580
823	0.876350
824	0.888040
825	0.924373
826	0.911726
827	0.915289
828	0.885542
829	0.900045
830	0.914690
831	0.945141
832	0.966031
833	0.927510
834	0.885471
835	0.979421
836	0.931891
837	0.920298
838	0.927847
839	0.877035
840	0.975252
841	0.893987
842	0.952905
843	0.944788
844	0.899500
845	0.955601
846	0.964466
847	0.969497
848	0.955914
849	0.945908
850	0.944114
851	0.962588
852	0.959312
853	0.934282
854	0.927084
855	0.913408
856	0.952350
857	0.954558
858	0.918739
859	0.962758
860	0.980285
861	0.955107
862	0.969969
863	0.982094
864	0.955027
865	0.911411
866	0.938364
867	0.972894
868	1.001175
869	0.996490
870	0.990153
871	0.970684
872	0.957131
873	0.978016
874	0.991773
875	0.947360
876	0.898581
877	0.918443
878	0.971036
879	1.005791
880	1.034433
881	1.009318
882	0.973559
883	0.986847
884	0.985016
885	0.965201
886	1.012592
887	1.014278
888	0.951746
889	0.905518
890	0.949102
891	1.010783
892	1.027187
893	1.009751
894	0.918755
895	0.992090
896	0.983439
897	0.914233
898	0.910586
899	1.007331
900	1.024856
901	0.951723
902	0.925940
903	0.970635
904	0.962941
905	0.924809
906	0.922704
907	0.939402
908	0.965457
909	0.943685
910	0.934240
911	0.945072
912	1.004177
913	1.009322
914	0.996315
915	0.945495
916	0.904228
917	0.937021
918	0.951994
919	0.961769
920	0.979076
921	0.964010
922	0.932698
923	0.949493
924	0.991006
925	0.962294
926	1.062465
927	0.999411
928	0.957427
929	1.080247
930	0.954706
931	1.045495
932	0.949443
933	1.059394
934	0.979171
935	1.071658
936	0.963281
937	1.030567
938	0.960927
939	0.978496
940	1.021728
941	1.018976
942	0.975362
943	0.941194
944	0.989602
945	1.007438
946	1.014472
947	1.012543
948	1.007041
949	0.978359
950	0.971851
951	0.950290
952	0.973057
953	0.977665
954	0.981224
955	0.972669
956	0.983264
957	1.009885
958	1.022368
959	0.986629
960	1.005092
961	1.008934
962	0.999301
963	0.988118
964	0.996948
965	1.008952
966	1.006394
967	1.004249
968	0.983144
969	1.007995
970	1.020560
971	0.969261
972	0.969141
973	0.995293
974	1.065420
975	0.951301
976	1.061919
977	1.040261
978	0.987372
979	1.055455
980	0.973381
981	1.054662
982	0.978081
983	1.007328
984	1.012205
985	1.009991
986	0.988182
987	0.976943
988	0.967101
989	1.023334
990	1.019152
991	0.966774
992	0.993466
993	1.073036
994	1.009826
995	0.944175
996	0.931613
997	0.939357
998	0.970969
999	0.980131
1000	0.953426
1001	0.957134
1002	1.065325
1003	0.996058
1004	0.993792
1005	1.055727
1006	1.011871
1007	1.010772
1008	1.009237
1009	1.014761
1010	1.026257
1011	1.014696
1012	1.050689
1013	0.997545
1014	1.019323
1015	1.013398
1016	1.046386
1017	1.025173
1018	0.986624
1019	1.012284
1020	1.075324
1021	0.966410
1022	1.090652
1023	1.033020
1024	1.023305
1025	0.958553
1026	1.090616
1027	1.080273
1028	1.034881
1029	1.052014
1030	1.016675
1031	1.068854
1032	1.016885
1033	0.962327
1034	1.086019
1035	0.966558
1036	1.066164
1037	1.004225
1038	1.043585
1039	1.017662
1040	1.070662
1041	1.049440
1042	1.021163
1043	1.046808
1044	1.001017
1045	1.067387
1046	0.995267
1047	1.147149
1048	1.014994
1049	1.102731
1050	1.131700
1051	0.987632
1052	1.071727
1053	1.059994
1054	1.001747
1055	0.998312
1056	1.056196
1057	1.022578
1058	1.084877
1059	1.063971
1060	1.025232
1061	1.122628
1062	1.079295
1063	1.024366
1064	1.067653
1065	1.098536
1066	1.081870
1067	1.021490
1068	1.018865
1069	1.021931
1070	1.026010
1071	1.034368
1072	1.019203
1073	1.074029
1074	1.034474
1075	1.108691
1076	0.995721
1077	1.094686
1078	0.959482
1079	1.090224
1080	1.119571
1081	0.980327
1082	0.992124
1083	1.002975
1084	1.094107
1085	0.966925
1086	1.081906
1087	1.220958
1088	1.130692
1089	1.118011
1090	1.172338
1091	1.116099
1092	1.192689
1093	1.488401
1094	0.951881
1095	1.070325
1096	1.046268
1097	1.133348
1098	1.085755
1099	1.125932
1100	1.095386
1101	1.113776
1102	1.070127
1103	1.049571
1104	1.081020
1105	1.086233
1106	1.063443
1107	1.109831
1108	1.109457
1109	1.146739
1110	1.114533
1111	1.170406
1112	1.133388
1113	1.141766
1114	1.026505
1115	1.041925
1116	1.031147
1117	1.056283
1118	1.071471
1119	1.094813
1120	1.135490
1121	1.088682
1122	1.076071
1123	1.168899
1124	1.064575
1125	1.075824
1126	1.122206
1127	1.102470
1128	1.058245
1129	1.079572
1130	1.098128
1131	1.103437
1132	1.086359
1133	1.113277
1134	1.086391
1135	1.081100
1136	1.084596
1137	1.143442
1138	1.131080
1139	1.017505
1140	1.284929
1141	1.090020
1142	1.225410
1143	1.129157
1144	1.054724
1145	1.047249
1146	1.160358
1147	1.060063
1148	1.091675
1149	1.143155
1150	1.003968
1151	1.113487
1152	1.114522
1153	1.093077
1154	1.043814
1155	1.070877
1156	1.169011
1157	1.127080
1158	1.234587
1159	1.807606
1160	1.622240
1161	1.554907
1162	1.940338
1163	1.706983
1164	1.670134
1165	1.562177
1166	1.682649
1167	1.688943
1168	1.796253
1169	1.683877
1170	1.831083
1171	1.883962
1172	1.449325
1173	1.746263
1174	1.564835
1175	1.725120
1176	1.562033
1177	1.679675
1178	1.646862
1179	1.629697
1180	1.756688
1181	1.486685
1182	1.158533
1183	1.111925
1184	1.085384
1185	1.221717
1186	1.199622
1187	1.424230
1188	1.143050
1189	1.120097
1190	1.110233
1191	1.092650
1192	1.081480
1193	1.252041
1194	1.868890
1195	1.717060
1196	1.923295
1197	1.541904
1198	1.760064
1199	1.669609
1200	1.689263
1201	1.769591
1202	1.677132
1203	1.859857
1204	1.999000
1205	1.598390
1206	1.839397
1207	1.766084
1208	1.714525
1209	1.803053
1210	1.805706
1211	1.674381
1212	1.646812
1213	1.708953
1214	1.639360
1215	1.877404
1216	1.801326
1217	1.865807
1218	1.731436
1219	1.769484
1220	1.588203
1221	1.669926
1222	1.862500
1223	1.668530
1224	1.840579
1225	1.652188
1226	1.789902
1227	1.727725
1228	1.707495
1229	1.831386
1230	1.690890
1231	1.709950
1232	1.673012
1233	1.606356
1234	1.608810
1235	1.697739
1236	1.737523
1237	1.780803
1238	1.912082
1239	1.696834
1240	1.462889
1241	1.705189
1242	1.816318
1243	1.724962
1244	1.729865
1245	1.973731
1246	1.603240
1247	1.782227
1248	1.739591
1249	1.558563
1250	1.747471
1251	1.767747
1252	1.818543
1253	1.686828
1254	1.665306
1255	1.626475
1256	1.698541
1257	1.564532
1258	1.643977
1259	1.857549
1260	1.674563
1261	1.821294
1262	1.664626
1263	1.748171
1264	1.561348
1265	1.942179
1266	1.556720
1267	1.731801
1268	1.702505
1269	1.645164
1270	1.711425
1271	1.653824
1272	1.687336
1273	1.801460
1274	1.857053
1275	1.843083
1276	1.676098
1277	1.432387
1278	1.900109
1279	1.504927
1280	1.687132
1281	1.719662
1282	1.641218
1283	1.759179
1284	1.628633
1285	1.661932
1286	1.749078
1287	1.708263
1288	1.660498
1289	1.881208
1290	1.643498
1291	1.707016
1292	1.701928
1293	1.798248
1294	1.736099
1295	1.801408
1296	1.665698
1297	1.812854
1298	1.796784
1299	1.774143
1300	2.168745
1301	2.042074
1302	1.567125
1303	1.863732
1304	2.011482
1305	1.589872
1306	1.876134
1307	1.842744
1308	1.823127
1309	1.797646
1310	1.906313
1311	1.970326
1312	1.671545
1313	1.637281
1314	1.788054
1315	1.858654
1316	1.747043
1317	1.654553
1318	1.701774
1319	1.680962
1320	1.925609
1321	1.837857
1322	1.700833
1323	1.683533
1324	1.657835
1325	1.602991
1326	1.846587
1327	1.650261
1328	1.599853
1329	1.772717
1330	1.686191
1331	1.669828
1332	1.674955
1333	1.785478
1334	1.729930
1335	1.618156
1336	1.876907
1337	1.595249
1338	1.811599
1339	1.591902
1340	1.675000
1341	1.691337
1342	1.762411
1343	1.611942
1344	1.950585
1345	1.569815
1346	1.795340
1347	1.758689
1348	1.617708
1349	1.582719
1350	1.883917
1351	1.772614
1352	1.745891
1353	1.698764
1354	1.694422
1355	1.706234
1356	1.873280
1357	1.704107
1358	1.713266
1359	1.655286
1360	1.708135
1361	1.773213
1362	1.556874
1363	1.734120
1364	1.712710
1365	1.715150
1366	1.902177
1367	1.776062
1368	1.536991
1369	1.748325
1370	1.782516
1371	1.622838
1372	1.936772
1373	1.528042
1374	1.594387
1375	1.933062
1376	1.613453
1377	1.848350
1378	1.683011
1379	1.898286
1380	1.694792
1381	1.899659
1382	1.706859
1383	1.746715
1384	1.780826
1385	1.668875
1386	1.634855
1387	1.712564
1388	1.719302
1389	1.633606
1390	2.029734
1391	2.365807
1392	1.692999
1393	1.798873
1394	1.723856
1395	1.798694
1396	1.566387
1397	1.618316
1398	1.678265
1399	1.836747
1400	1.851993
1401	1.764135
1402	1.764288
1403	1.779480
1404	1.693418
1405	1.717249
1406	1.758337
1407	1.549071
1408	1.964762
1409	1.780346
1410	1.762034
1411	1.873977
1412	1.713930
1413	1.635492
1414	1.966539
1415	1.778302
1416	1.814157
1417	1.842103
1418	1.517235
1419	1.715193
1420	1.681034
1421	1.948224
1422	1.806541
1423	1.743948
1424	2.004495
1425	1.778821
1426	1.685046
1427	1.905933
1428	1.695865
1429	1.640189
1430	1.747346
1431	1.606977
1432	1.978680
1433	1.636984
1434	1.765613
1435	1.789199
1436	1.641271
1437	1.714195
1438	1.662940
1439	1.679254
1440	1.685899
1441	1.874536
1442	1.674712
1443	1.721794
1444	1.625333
1445	1.686408
1446	1.638741
1447	1.661071
1448	1.687052
1449	1.780879
1450	1.859663
1451	1.675648
1452	1.760312
1453	1.774351
1454	1.825702
1455	1.740811
1456	1.627344
1457	1.753832
1458	1.759046
1459	1.696965
1460	1.738582
1461	1.759097
1462	1.607677
1463	1.963387
1464	1.848200
1465	1.719398
1466	1.810387
1467	1.668569
1468	1.674166
1469	1.692486
1470	1.791610
1471	1.732396
1472	1.738345
1473	1.677554
1474	1.677833
1475	1.770543
1476	1.800216
1477	1.641260
1478	1.817630
1479	1.634391
1480	1.717785
1481	1.806828
1482	1.576714
1483	1.689148
1484	1.801439
1485	1.656743
1486	1.668029
1487	1.807326
1488	1.731134
1489	1.787423
1490	1.609530
1491	1.755605
1492	1.668877
1493	1.865380
1494	1.921929
1495	1.589852
1496	1.773826
1497	1.737043
1498	1.577468
1499	1.770789
1500	1.709375
1501	1.707593
1502	1.804045
1503	1.692153
1504	1.672873
1505	1.531305
1506	1.904321
1507	1.476399
1508	1.972264
1509	1.581578
1510	1.642237
1511	1.732296
1512	1.655401
1513	1.871521
1514	1.825169
1515	1.653518
1516	1.676801
1517	1.680467
1518	1.681724
1519	1.705366
1520	1.667241
1521	1.813514
1522	1.590748
1523	1.851500
1524	1.802875
1525	1.583592
1526	1.689791
1527	1.913555
1528	1.736124
1529	1.677619
1530	1.706372
1531	1.585979
1532	1.808261
1533	1.640894
1534	1.865295
1535	1.665472
1536	1.737137
1537	1.986620
1538	1.806971
1539	1.865620
1540	1.966453
1541	1.574055
1542	1.803280
1543	1.732448
1544	1.616843
1545	1.871446
1546	1.545311
1547	1.869193
1548	1.665672
1549	1.647023
1550	1.662271
1551	1.747571
1552	1.925222
1553	1.681403
1554	1.822654
1555	1.691368
1556	1.890597
1557	1.683560
1558	1.877929
1559	1.595092
1560	1.757229
1561	1.761786
1562	1.796697
1563	1.713005
1564	1.819076
1565	2.031401
1566	1.524713
1567	1.748760
1568	1.766240
1569	1.632862
1570	1.844338
1571	1.707049
1572	1.728456
1573	1.638299
1574	1.831199
1575	2.022911
1576	1.738944
1577	1.748263
1578	1.651302
1579	1.655468
1580	1.785758
1581	1.480942
1582	1.885858
1583	1.532177
1584	1.529011
1585	1.623301
1586	1.508840
1587	1.656142
1588	1.900225
1589	1.624132
1590	1.691183
1591	1.659699
1592	1.867282
1593	1.848611
1594	1.736685
1595	1.657583
1596	1.575823
1597	1.603307
1598	1.626197
1599	1.763043
1600	1.678513
1601	1.702679
1602	1.647138
1603	1.669391
1604	1.835986
1605	1.560321
1606	1.999148
1607	2.000200
1608	1.675894
1609	1.822613
1610	1.658439
1611	1.640268
1612	2.044080
1613	1.907455
1614	1.640001
1615	1.741214
1616	1.686815
1617	1.681324
1618	1.909094
1619	1.690057
1620	1.862821
1621	1.699512
1622	1.668800
1623	1.710054
1624	1.592781
1625	1.995763
1626	1.897317
1627	1.433632
1628	1.640896
1629	1.622742
1630	1.655123
1631	1.783732
1632	1.706168
1633	1.732140
1634	1.624506
1635	1.751227
1636	1.655822
1637	1.715793
1638	1.709650
1639	1.772877
1640	1.678897
1641	1.716464
1642	1.733339
1643	1.595623
1644	1.894661
1645	1.638298
1646	1.713925
1647	1.790368
1648	1.676588
1649	1.689662
1650	1.608893
1651	1.744071
1652	1.940958
1653	1.635956
1654	1.705546
1655	1.789372
1656	1.716408
1657	1.644778
1658	1.732161
1659	1.774376
1660	1.991274
1661	1.620417
1662	1.880293
1663	1.659269
1664	1.707297
1665	1.671550
1666	1.732399
1667	1.676462
1668	1.716532
1669	1.751761
1670	1.736517
1671	1.784489
1672	1.544810
1673	1.788887
1674	1.609741
1675	1.861390
1676	1.744787
1677	1.878666
1678	1.502489
1679	1.815709
1680	1.440554
1681	1.866844
1682	1.851863
1683	1.699082
1684	1.781502
1685	2.010815
1686	1.652627
1687	1.628786
1688	1.983852
1689	1.861274
1690	1.730564
1691	1.757660
1692	1.542323
1693	1.841141
1694	1.815103
1695	1.745102
1696	1.877176
1697	1.753342
1698	1.733799
1699	1.784298
1700	1.786094
1701	1.707985
1702	1.822132
1703	1.527727
1704	1.887816
1705	1.704657
1706	1.613002
1707	1.704443
1708	1.703180
1709	1.673692
1710	1.709322
1711	1.757133
1712	1.807573
1713	1.655800
1714	1.991636
1715	2.123273
1716	1.589970
1717	1.812163
1718	1.612041
1719	1.763471
1720	1.700592
1721	1.836165
1722	1.778839
1723	1.641126
1724	1.777543
1725	2.073680
1726	1.703086
1727	1.805122
1728	1.936108
1729	1.731476
1730	1.680472
1731	1.667096
1732	1.792990
1733	1.634907
1734	1.791527
1735	1.770709
1736	1.956973
1737	1.667358
1738	1.667377
1739	1.674425
1740	2.051223
1741	1.768121
1742	1.804774
1743	1.783917
1744	1.736963
1745	1.856260
1746	1.841970
1747	1.926156
1748	1.810759
1749	1.809231
1750	1.707594
1751	1.898578
1752	1.736515
1753	1.812586
1754	1.659239
1755	1.779007
1756	1.715657
1757	1.808080
1758	1.714749
1759	1.751803
1760	1.909998
1761	2.006722
1762	2.125494
1763	1.725804
1764	1.888709
1765	1.767027
1766	1.768979
1767	1.762117
1768	2.170398
1769	1.673550
1770	1.903243
1771	1.889049
1772	1.789277
1773	1.803554
1774	1.931038
1775	1.653423
1776	1.702217
1777	1.846240
1778	1.651360
1779	1.705524
1780	1.603677
1781	1.864908
1782	1.775320
1783	1.896911
1784	1.804269
1785	1.712430
1786	1.750410
1787	1.702660
1788	1.711499
1789	1.888155
1790	1.916278
1791	1.662634
1792	1.785700
1793	2.139946
1794	1.701673
1795	1.837642
1796	1.904680
1797	1.817534
1798	1.914040
1799	1.858885
1800	1.864618
1801	1.849288
1802	2.220492
1803	2.204439
1804	2.332752
1805	2.426016
1806	2.350334
1807	2.099547
1808	1.881924
1809	1.861712
1810	2.153388
1811	1.681710
1812	1.960668
1813	2.266162
1814	2.333751
1815	2.442126
1816	2.065729
1817	1.766356
1818	2.235206
1819	2.225722
1820	2.931304
1821	2.764731
1822	3.002959
1823	2.399956
1824	2.533455
1825	2.003890
1826	1.613787
1827	1.739560
1828	1.709927
1829	1.766107
1830	2.008902
1831	1.949239
1832	1.831044
1833	1.791738
1834	1.907016
1835	2.057825
1836	1.724625
1837	1.698439
1838	1.725692
1839	1.803398
1840	1.836416
1841	2.034338
1842	1.902834
1843	1.743310
1844	1.830946
1845	2.138181
1846	2.134990
1847	2.150822
1848	1.858394
1849	1.656280
1850	1.850683
1851	1.769108
1852	1.524322
1853	1.910931
1854	1.827111
1855	1.661581
1856	1.981328
1857	1.808097
1858	1.669804
1859	1.652914
1860	1.973542
1861	1.726482
1862	1.871579
1863	1.578441
1864	1.925493
1865	1.730676
1866	1.686489
1867	1.715174
1868	1.818254
1869	1.677390
1870	1.730766
1871	1.672508
1872	1.660415
1873	1.735817
1874	1.651821
1875	1.904234
1876	1.612846
1877	1.900950
1878	1.988319
1879	1.818779
1880	1.725753
1881	2.339507
1882	2.132064
1883	1.768512
1884	1.718650
1885	1.562946
1886	2.030485
1887	1.908669
1888	1.653965
1889	1.609365
1890	1.868275
1891	1.912177
1892	1.613023
1893	2.062722
1894	2.060023
1895	1.763323
1896	1.674480
1897	1.665082
1898	1.849094
1899	1.818988
1900	1.893664
1901	1.809874
1902	1.717519
1903	1.800511
1904	1.847844
1905	1.758174
1906	1.777674
1907	1.887950
1908	1.690819
1909	1.849699
1910	1.705625
1911	1.664793
1912	1.979383
1913	2.090576
1914	2.069885
1915	1.642160
1916	1.889402
1917	1.825981
1918	1.658796
1919	1.603027
1920	1.713468
1921	1.733268
1922	1.850836
1923	1.920494
1924	1.758658
1925	1.755866
1926	1.683023
1927	1.861881
1928	1.876809
1929	1.832428
1930	2.029974
1931	2.163204
1932	1.840563
1933	1.728401
1934	1.738275
1935	1.953830
1936	1.925734
1937	1.664750
1938	1.892843
1939	2.040668
1940	2.510280
1941	2.347327
1942	2.290420
1943	1.925929
1944	1.981329
1945	1.770099
1946	2.096284
1947	1.800954
1948	1.965477
1949	1.803822
1950	1.772595
1951	1.729011
1952	2.485010
1953	1.641307
1954	1.809951
1955	1.922220
1956	2.354635
1957	2.405875
1958	2.703907
1959	2.124550
1960	2.073624
1961	1.648594
1962	2.181071
1963	2.398705
1964	2.481272
1965	2.292080
1966	1.813420
1967	1.859566
1968	1.706202
1969	1.755467
1970	1.568025
1971	2.024544
1972	1.902645
1973	1.691322
1974	1.764166
1975	1.778144
1976	1.734035
1977	1.727298
1978	1.691699
1979	1.944170
1980	1.896083
1981	1.702435
1982	1.840676
1983	1.828714
1984	1.794039
1985	1.875116
1986	1.767632
1987	1.927280
1988	1.727635
1989	1.739011
1990	1.743463
1991	1.853063
1992	1.604506
1993	1.696201
1994	1.880636
1995	1.891165
1996	1.703821
1997	1.761801
1998	2.055061
1999	2.138917
2000	1.638466
2001	1.850372
2002	2.033145
2003	1.940315
2004	1.796556
2005	1.916875
2006	1.921280
2007	2.439764
2008	2.583441
2009	2.021731
2010	1.748984
2011	1.832866
2012	1.990433
2013	2.286439
2014	1.759593
2015	1.713868
2016	1.752497
2017	1.849229
2018	1.750426
2019	1.703449
2020	2.132345
2021	1.852587
2022	1.710126
2023	1.901871
2024	1.747263
2025	1.701122
2026	1.803717
2027	1.632213
2028	1.856240
2029	1.741920
2030	1.971882
2031	1.942250
2032	1.865873
2033	1.653164
2034	1.772380
2035	1.706042
2036	1.808822
2037	1.665611
2038	1.887946
2039	1.956874
2040	1.833488
2041	1.686414
2042	1.890665
2043	1.884316
2044	1.746105
2045	1.817375
2046	1.745082
2047	1.659539
2048	1.965356
2049	1.940060
2050	1.953413
2051	1.744631
2052	1.672461
2053	1.833472
2054	1.847343
2055	1.676757
2056	1.906866
2057	1.830456
2058	1.729835
2059	1.927292
2060	1.819279
2061	1.787128
2062	1.671594
2063	1.892968
2064	1.700530
2065	1.642605
2066	1.691210
2067	1.763699
2068	1.808021
2069	1.630462
2070	1.763064
2071	1.621912
2072	1.744054
2073	2.013468
2074	1.737574
2075	1.782774
2076	1.723259
2077	1.806149
2078	1.734640
2079	1.628054
2080	1.723930
2081	1.838269
2082	1.709619
2083	1.733845
2084	1.712490
2085	1.864522
2086	1.739520
2087	1.680205
2088	1.795630
2089	1.642946
2090	1.799363
2091	1.743218
2092	1.593107
2093	1.765925
2094	1.914958
2095	1.682652
2096	1.771971
2097	1.799371
2098	1.604259
2099	1.850908
2100	1.863786
2101	1.761700
2102	1.766831
2103	1.760380
2104	1.733356
2105	2.080632
2106	2.146120
2107	1.926216
2108	1.791970
2109	1.751829
2110	1.952896
2111	1.871869
2112	1.764611
2113	1.908349
2114	1.721052
2115	1.803142
2116	1.972601
2117	1.829345
2118	1.981972
2119	1.891636
2120	2.114820
2121	2.096432
2122	1.911136
2123	1.891553
2124	1.774948
2125	1.738273
2126	1.796564
2127	1.925870
2128	1.726441
2129	2.026726
2130	1.990225
2131	2.057965
2132	1.983003
2133	1.998859
2134	1.895374
2135	1.952636
2136	1.628151
2137	1.794828
2138	2.013951
2139	2.343177
2140	2.485768
2141	2.571799
2142	2.366020
2143	1.638885
2144	1.892313
2145	3.059551
2146	2.307815
2147	2.080809
2148	2.023798
2149	2.216897
2150	2.056294
2151	1.891313
2152	1.908867
2153	1.795588
2154	2.012361
2155	1.892882
2156	1.871990
2157	1.717970
2158	1.878958
2159	2.104361
2160	1.926383
2161	1.790264
2162	1.938758
2163	1.918734
2164	1.671810
2165	2.326476
2166	2.434183
2167	2.225300
2168	1.640902
2169	1.908477
2170	1.953565
2171	1.992700
2172	1.997144
2173	1.788157
2174	1.793561
2175	2.025437
2176	1.829760
2177	1.931322
2178	2.198781
2179	2.164791
2180	2.353532
2181	1.816339
2182	1.799348
2183	2.079595
2184	1.954497
2185	1.750615
2186	1.788866
2187	2.808769
2188	2.512354
2189	2.536395
2190	2.632650
2191	2.983217
2192	3.363279
2193	3.668616
2194	3.910297
2195	4.213588
2196	4.191207
2197	4.101415
2198	3.740617
2199	3.943182
2200	3.697395
2201	3.656467
2202	4.072995
2203	3.365515
2204	3.105690
2205	2.873127
2206	3.270685
2207	4.042737
2208	3.590641
2209	3.751174
2210	4.035866
2211	5.091788
2212	5.559107
2213	4.113120
2214	4.063359
2215	3.779409
2216	3.621737
2217	3.589710
2218	3.639086
2219	4.497577
2220	4.149705
2221	4.429420
2222	4.934350
2223	4.989928
2224	5.231762
2225	5.581423
2226	5.504820
2227	5.552479
2228	4.743169
2229	5.360830
2230	5.679326
2231	4.912677
2232	5.007100
2233	5.797172
2234	5.830104
2235	6.066824
2236	6.433247
2237	5.992776
2238	5.804552
2239	6.136909
2240	6.357307
2241	6.004873
2242	6.334646
2243	6.602406
2244	7.052867
2245	6.655022
2246	6.306655
2247	6.349875
2248	6.634357
2249	6.449305
2250	6.354919
2251	6.959953
2252	6.857793
2253	6.273077
2254	6.976603
2255	6.968900
2256	7.250903
2257	6.554835
2258	6.714476
2259	5.909948
2260	5.470465
2261	4.649495
2262	4.660670
2263	4.547826
2264	4.383727
2265	3.914866
2266	3.693326
2267	3.805986
2268	3.724159
2269	3.593027
2270	3.953547
2271	4.352007
2272	4.300532
2273	4.308365
2274	4.317770
2275	4.727336
2276	4.834618
2277	4.907996
2278	5.457819
2279	5.653929
2280	5.772995
2281	5.717457
2282	5.697215
2283	5.883751
2284	5.981760
2285	6.666039
2286	7.346594
2287	6.725240
2288	6.900033
2289	7.136555
2290	6.190897
2291	6.022148
2292	6.115260
2293	5.996088
2294	5.470636
2295	5.615007
2296	5.819398
2297	6.014061
2298	6.574630
2299	6.406199
2300	6.158100
2301	6.476350
2302	6.444159
2303	6.853996
2304	6.500106
2305	6.191906
2306	6.231317
2307	6.082672
2308	6.504451
2309	6.300638
2310	6.318428
2311	6.694859
2312	6.960606
2313	7.155080
2314	7.125863
2315	6.589217
2316	6.999682
2317	6.744354
2318	6.876781
2319	7.412715
2320	7.606495
2321	6.981209
2322	7.148520
2323	7.123124
2324	6.620085
2325	6.442269
2326	6.482878
2327	6.393155
2328	6.720438
2329	6.681794
2330	6.941283
2331	7.204218
2332	6.744255
2333	6.290587
2334	6.199676
2335	6.261777
2336	6.210620
2337	5.816870
2338	5.801708
2339	6.289877
2340	6.559102
2341	6.398031
2342	6.548737
2343	6.659190
2344	6.566691
2345	6.342947
2346	6.373034
2347	6.427028
2348	6.132084
2349	5.923252
2350	6.019167
2351	6.389223
2352	6.691059
2353	6.627596
2354	6.824333
2355	6.894982
2356	6.359308
2357	6.425324
2358	6.612079
2359	6.601274
2360	6.440572
2361	6.627272
2362	6.163278
2363	5.904921
2364	6.460381
2365	6.630614
2366	6.911572
2367	6.655898
2368	6.528818
2369	6.750942
2370	6.306150
2371	6.569716
2372	8.089749
2373	7.826639
2374	8.057388
2375	8.427917
2376	8.137149
2377	8.312143
2378	8.644073
2379	8.382383
2380	8.830692
2381	8.984762
2382	8.828074
2383	8.732397
2384	8.623370
2385	8.512743
2386	8.471424
2387	8.538362
2388	8.562313
2389	8.259481
2390	8.667886
2391	8.659249
2392	8.323972
2393	8.878365
2394	8.932585
2395	8.531608
2396	8.809703
2397	8.273354
2398	8.822490
2399	8.400280
2400	8.678498
2401	8.725567
2402	8.642737
2403	8.931373
2404	8.739421
2405	8.899066
2406	9.335742
2407	8.963072
2408	9.651370
2409	10.145960
2410	10.632467
2411	11.013369
2412	11.020995
2413	11.699989
2414	11.197554
2415	11.612807
2416	11.742126
2417	11.889076
2418	12.222992
2419	11.964298
2420	12.169733
2421	11.903510
2422	12.360007
2423	12.362517
2424	12.674687
2425	12.421001
2426	12.703295
2427	12.964545
2428	12.613050
2429	12.736905
2430	12.412383
2431	12.224404
2432	11.780347
2433	11.402943
2434	11.155786
2435	10.856856
2436	10.372964
2437	11.171834
2438	11.147147
2439	11.332363
2440	11.687702
2441	11.580486
2442	12.056781
2443	11.727590
2444	12.044394
2445	11.794671
2446	12.049313
2447	12.710910
2448	12.490012
2449	12.372522
2450	12.528150
2451	12.621384
2452	12.991822
2453	12.183625
2454	12.231898
2455	11.715641
2456	11.444302
2457	11.444578
2458	11.383402
2459	11.591870
2460	11.723027
2461	11.465498
2462	11.276514
2463	11.106054
2464	10.700130
2465	11.204464
2466	11.103470
2467	10.719063
2468	10.572109
2469	10.144190
2470	10.157259
2471	10.271235
2472	9.828189
2473	10.570858
2474	10.299425
2475	9.940107
2476	9.816610
2477	8.882141
2478	9.046755
2479	9.495994
2480	8.846236
2481	9.691758
2482	10.391263
2483	10.288544
2484	11.274302
2485	10.942060
2486	11.033192
2487	10.238001
2488	10.136348
2489	9.846894
2490	10.073503
2491	10.060467
2492	10.504532
2493	10.735284
2494	10.710869
2495	10.509397
2496	10.847993
2497	10.690308
2498	10.904776
2499	11.177419
2500	11.240271
2501	11.165030
2502	11.156514
2503	11.266664
2504	11.072865
2505	10.957147
2506	10.819713
2507	11.341240
2508	11.308937
2509	11.645960
2510	11.525045
2511	11.710182
2512	11.466461
2513	11.580462
2514	11.381548
2515	11.523402
2516	11.476525
2517	11.334045
2518	11.437650
2519	11.196929
2520	11.349104
2521	11.590234
2522	11.354504
2523	11.469485
2524	11.539537
2525	11.497230
2526	11.434983
2527	11.514268
2528	11.671980
2529	11.480617
2530	11.630799
2531	11.693757
2532	11.622991
2533	11.681996
2534	11.705994
2535	11.729666
2536	11.793535
2537	11.742343
2538	11.772595
2539	11.566996
2540	11.577655
2541	11.640388
2542	11.303540
2543	11.452092
2544	11.370106
2545	11.214186
2546	11.103800
2547	10.964109
2548	11.056914
2549	11.247415
2550	11.324573
2551	11.199848
2552	11.535957
2553	11.681911
2554	11.548449
2555	11.248965
2556	11.304195
2557	11.011397
2558	11.581392
2559	11.777300
2560	11.757860
