0	1.000264
1	1.017450
2	1.093675
3	1.008523
4	1.078226
5	1.011776
6	1.095078
7	0.994506
8	1.095207
9	1.009051
10	1.080228
11	0.991564
12	1.047015
13	1.068225
14	0.993128
15	1.086491
16	0.999126
17	1.091576
18	1.051437
19	1.006911
20	1.090884
21	1.029207
22	1.088967
23	1.019028
24	1.074766
25	1.041292
26	1.103146
27	1.018671
28	1.081902
29	1.046073
30	1.040287
31	1.082730
32	1.022974
33	1.098804
34	1.052955
35	1.078783
36	1.050325
37	1.084879
38	1.020400
39	1.036455
40	1.057871
41	1.021510
42	1.072081
43	1.021468
44	1.033918
45	1.039273
46	1.011320
47	1.096652
48	1.011852
49	1.033475
50	1.026789
51	1.077541
52	1.027662
53	1.080446
54	1.061210
55	1.003592
56	1.070406
57	1.108008
58	1.025947
59	1.100612
60	0.982613
61	1.126552
62	0.983250
63	1.101270
64	1.006162
65	1.074734
66	0.994841
67	1.084078
68	1.118473
69	1.062820
70	1.090245
71	1.024223
72	1.089785
73	1.017811
74	1.101781
75	1.003680
76	1.086862
77	1.049782
78	1.050721
79	1.029072
80	1.077691
81	1.039859
82	1.064214
83	1.042465
84	1.076261
85	1.070274
86	1.061204
87	1.058641
88	1.045843
89	1.042303
90	1.043175
91	1.029442
92	1.060441
93	1.031812
94	1.066082
95	1.016150
96	0.993225
97	1.072738
98	0.980635
99	0.985309
100	1.075227
101	1.002226
102	1.057274
103	1.003179
104	1.076484
105	1.015670
106	1.083923
107	1.021491
108	1.088787
109	1.007422
110	1.108831
111	1.075197
112	1.077009
113	1.082562
114	1.008052
115	1.075463
116	1.053557
117	1.026065
118	1.081708
119	1.002244
120	1.066549
121	1.011410
122	1.049209
123	1.035848
124	1.054267
125	1.032299
126	1.090158
127	1.051804
128	1.121915
129	0.998093
130	1.074018
131	1.049752
132	1.074099
133	1.029755
134	1.127147
135	1.004993
136	1.091294
137	1.042743
138	1.102073
139	1.026681
140	1.102930
141	1.018779
142	1.105744
143	1.030572
144	1.097194
145	1.048955
146	1.102890
147	1.003365
148	1.114220
149	1.015057
150	1.095905
151	1.010716
152	1.090001
153	1.017004
154	1.071663
155	1.073222
156	1.018273
157	1.104004
158	0.996118
159	1.080799
160	1.085776
161	1.066710
162	1.092967
163	1.021508
164	1.029842
165	1.007522
166	1.035516
167	1.076540
168	1.056445
169	1.039900
170	1.088447
171	1.031815
172	1.085117
173	1.036476
174	1.050087
175	1.067462
176	1.034057
177	1.097512
178	1.040584
179	1.043923
180	1.038750
181	1.039947
182	1.096330
183	1.006705
184	1.087010
185	1.016542
186	1.085319
187	1.035906
188	1.094523
189	1.039827
190	1.099252
191	1.029022
192	1.061563
193	1.056749
194	1.061202
195	1.067950
196	1.080904
197	1.036164
198	1.084718
199	1.054115
200	1.053002
201	1.058292
202	1.059794
203	1.047603
204	1.070588
205	1.055160
206	1.036053
207	1.083264
208	1.046730
209	1.081945
210	1.020002
211	1.095200
212	1.030805
213	1.067166
214	1.054949
215	1.058769
216	1.031608
217	1.049240
218	1.055478
219	1.023713
220	1.069916
221	1.047438
222	1.065382
223	1.040235
224	1.064277
225	1.050780
226	1.048011
227	1.066948
228	1.056162
229	1.070089
230	1.034953
231	1.066682
232	1.057503
233	1.050538
234	1.046922
235	1.051673
236	1.044438
237	1.018436
238	1.068128
239	1.032582
240	1.065655
241	1.054372
242	1.043209
243	1.072672
244	1.068698
245	1.059043
246	1.069088
247	1.049250
248	1.057716
249	1.074339
250	1.041849
251	1.063071
252	1.037096
253	1.087700
254	1.034727
255	1.052163
256	1.041392
257	1.059480
258	1.049239
259	1.078339
260	1.076195
261	1.054253
262	1.105811
263	1.034119
264	1.095038
265	1.033939
266	1.084051
267	1.044993
268	1.066829
269	1.058639
270	1.049914
271	1.034192
272	1.079586
273	1.034599
274	1.079178
275	1.037544
276	1.043730
277	1.051370
278	1.038528
279	1.017075
280	1.065249
281	1.033301
282	1.081992
283	1.031239
284	1.078097
285	1.039719
286	1.058222
287	1.045394
288	1.057785
289	1.039248
290	1.068555
291	1.041894
292	1.066391
293	1.021000
294	1.038434
295	1.092421
296	1.002636
297	1.097909
298	1.048384
299	1.049567
300	1.065659
301	1.050270
302	1.086650
303	1.013063
304	1.070124
305	1.006535
306	1.091956
307	1.005491
308	1.108711
309	1.004474
310	1.085844
311	1.019506
312	1.047637
313	1.003348
314	1.019068
315	1.025173
316	1.021001
317	1.053480
318	1.072166
319	1.031544
320	1.085441
321	0.986838
322	1.112382
323	1.017359
324	1.122438
325	1.008880
326	1.098448
327	1.065304
328	1.067567
329	1.081310
330	1.089182
331	1.055444
332	1.038452
333	1.085285
334	1.050026
335	1.083552
336	1.028358
337	1.089724
338	1.033331
339	1.108472
340	1.009505
341	1.071762
342	1.095606
343	1.059114
344	1.072705
345	1.074086
346	1.075556
347	1.034352
348	1.091420
349	1.014751
350	1.105351
351	1.040162
352	1.078139
353	1.031219
354	1.076633
355	1.018060
356	1.064891
357	1.011004
358	1.066825
359	1.050145
360	1.042510
361	1.062244
362	1.028760
363	1.071366
364	1.007597
365	1.095045
366	1.020345
367	1.096378
368	1.009731
369	1.081741
370	1.045405
371	1.081824
372	1.035990
373	1.047699
374	1.103866
375	1.003130
376	1.123144
377	0.998725
378	1.075139
379	1.091820
380	1.043550
381	1.093794
382	1.051451
383	1.095080
384	1.020741
385	1.069858
386	1.048332
387	1.029988
388	1.058090
389	1.040257
390	1.067904
391	1.042401
392	1.059621
393	1.041610
394	1.042361
395	1.069009
396	1.007661
397	1.121020
398	1.000325
399	1.117934
400	0.985122
401	1.090255
402	1.055531
403	1.040560
404	1.033376
405	1.095459
406	1.025393
407	1.020268
408	1.077738
409	1.016477
410	1.090017
411	1.013780
412	1.103911
413	1.010876
414	1.062142
415	1.057785
416	1.080000
417	1.041073
418	1.073850
419	1.036202
420	1.102539
421	1.025519
422	1.094153
423	1.058718
424	1.089849
425	1.071259
426	1.048433
427	1.096327
428	1.026492
429	1.093241
430	1.035044
431	1.075748
432	1.023981
433	1.071361
434	1.032915
435	1.052391
436	1.047369
437	1.027747
438	1.050813
439	1.031268
440	1.049350
441	1.050211
442	1.062070
443	1.028026
444	1.084316
445	0.991883
446	1.095883
447	1.019712
448	1.094573
449	1.020608
450	1.093294
451	1.016583
452	1.066221
453	1.042656
454	1.018261
455	1.067077
456	1.019808
457	1.037397
458	1.058789
459	1.043427
460	1.037065
461	1.093574
462	1.048750
463	1.089289
464	1.020340
465	1.077083
466	1.039553
467	1.078989
468	1.044058
469	1.058482
470	1.062352
471	1.048890
472	1.056915
473	1.053831
474	1.091284
475	1.073404
476	1.057872
477	1.112051
478	1.030633
479	1.130544
480	0.994044
481	1.109675
482	1.018816
483	1.040285
484	1.110777
485	0.995149
486	1.098578
487	1.027497
488	1.067777
489	1.024425
490	1.053925
491	1.050615
492	1.053604
493	1.068627
494	1.015214
495	1.085913
496	1.003850
497	1.093912
498	1.021369
499	1.025815
500	1.071939
501	1.010401
502	1.097195
503	0.999654
504	1.103598
505	0.998198
506	1.080077
507	1.010895
508	1.070631
509	1.067602
510	1.021424
511	1.064557
512	1.035815
513	1.071588
514	1.040164
515	1.060688
516	1.058043
517	1.019333
518	1.072625
519	1.010054
520	1.029526
521	0.977610
522	0.933039
523	0.984782
524	0.984037
525	0.938589
526	0.954365
527	0.989336
528	0.945148
529	0.945539
530	0.983161
531	0.965584
532	0.937274
533	0.988676
534	0.966685
535	0.954983
536	0.966851
537	0.943625
538	0.968379
539	0.970833
540	0.941448
541	0.948528
542	0.977251
543	0.952348
544	0.949680
545	0.980350
546	0.985362
547	0.948757
548	0.959998
549	0.983921
550	0.971661
551	0.936934
552	0.972853
553	0.990836
554	0.958531
555	0.953547
556	0.982352
557	0.996152
558	0.948734
559	0.951350
560	0.972077
561	0.972782
562	0.963205
563	0.965927
564	0.972353
565	0.984423
566	0.990197
567	0.986933
568	0.976573
569	0.972494
570	0.969692
571	0.968901
572	0.968389
573	0.972465
574	0.971721
575	0.971171
576	0.970306
577	0.975178
578	0.984260
579	0.985290
580	0.986730
581	0.981589
582	0.974900
583	0.969622
584	0.967387
585	0.966370
586	0.972393
587	0.976338
588	0.977331
589	0.987157
590	0.976762
591	0.963392
592	0.962578
593	0.972829
594	0.992526
595	0.981215
596	0.971768
597	0.957481
598	0.959552
599	0.980103
600	0.993072
601	0.971971
602	0.979486
603	0.985319
604	1.006632
605	1.019802
606	1.034178
607	1.007258
608	1.010931
609	0.985999
610	0.987665
611	0.973294
612	0.978839
613	1.004956
614	1.018235
615	1.021439
616	1.021836
617	0.980170
618	0.981711
619	0.972289
620	0.975814
621	0.986363
622	1.009560
623	1.022746
624	1.022640
625	1.024242
626	1.012105
627	1.005508
628	0.981167
629	0.964102
630	0.961332
631	0.967315
632	0.998142
633	1.010261
634	1.007858
635	1.015295
636	1.006997
637	0.993526
638	0.985063
639	0.980243
640	0.978160
641	1.019234
642	1.005620
643	1.026190
644	1.041046
645	0.992101
646	1.020795
647	1.056901
648	1.006821
649	0.981285
650	1.040068
651	1.023870
652	0.989122
653	1.012042
654	1.023426
655	1.022675
656	0.996403
657	1.035948
658	1.034469
659	0.970352
660	1.044086
661	1.037602
662	0.968175
663	1.017006
664	1.052074
665	1.025066
666	0.972448
667	1.003882
668	1.061144
669	1.012791
670	0.970097
671	1.031085
672	1.041452
673	1.002220
674	0.982533
675	1.032318
676	1.049964
677	0.971675
678	1.035152
679	1.044753
680	0.978523
681	0.986022
682	1.064481
683	1.045677
684	1.013722
685	1.079834
686	0.989362
687	1.055022
688	0.997813
689	1.025194
690	1.036425
691	1.030462
692	1.062922
693	0.999912
694	1.078935
695	1.030636
696	0.999593
697	1.059360
698	0.997469
699	1.096133
700	0.980991
701	1.097390
702	1.083220
703	1.001710
704	1.089312
705	0.999512
706	1.060795
707	1.078642
708	1.002804
709	1.092831
710	1.045457
711	1.053304
712	1.046815
713	1.020271
714	1.027642
715	1.011002
716	1.071626
717	1.022893
718	1.062912
719	1.034521
720	1.044528
721	1.077640
722	1.022487
723	1.064057
724	1.043356
725	1.049001
726	1.023030
727	1.077495
728	1.013654
729	1.045000
730	1.041623
731	1.068141
732	1.019793
733	1.078758
734	1.017679
735	1.087803
736	1.020753
737	1.047758
738	1.074808
739	1.019496
740	1.087627
741	1.034080
742	1.061937
743	1.017121
744	1.085219
745	1.017076
746	1.083152
747	1.029590
748	1.044153
749	1.046062
750	1.033784
751	1.061074
752	1.045817
753	1.050995
754	1.057540
755	1.061150
756	1.060394
757	1.032842
758	1.067508
759	1.027799
760	1.080046
761	1.038290
762	1.097479
763	1.040344
764	1.097528
765	1.042988
766	1.105597
767	1.012818
768	1.125082
769	1.024250
770	1.120705
771	1.031073
772	1.087733
773	1.069007
774	1.097563
775	1.087570
776	1.093514
777	1.010307
778	1.110132
779	1.055471
780	1.097396
781	1.035304
782	1.110723
783	1.055348
784	1.081587
785	1.035309
786	1.066693
787	1.084959
788	1.090648
789	1.088877
790	1.101523
791	1.034877
792	1.123249
793	1.035378
794	1.094180
795	1.053995
796	1.125981
797	1.076231
798	1.052269
799	1.185018
800	1.100781
801	1.145689
802	1.059241
803	1.125590
804	1.142285
805	1.082986
806	1.121297
807	1.054500
808	1.104564
809	1.072227
810	1.116600
811	1.051505
812	1.172064
813	1.127641
814	1.166693
815	1.168007
816	1.028063
817	1.158535
818	1.022962
819	1.151425
820	1.136213
821	1.078943
822	1.086154
823	1.083073
824	1.098486
825	1.133132
826	1.065933
827	1.081150
828	1.083775
829	1.059371
830	1.044886
831	1.111301
832	1.129057
833	1.022221
834	1.089450
835	1.088150
836	1.116888
837	1.025282
838	1.140895
839	1.032086
840	1.134739
841	1.104895
842	1.097567
843	1.109955
844	1.138017
845	1.077613
846	1.154977
847	1.102239
848	1.085328
849	1.147542
850	1.129926
851	1.139194
852	1.125376
853	1.143436
854	1.125090
855	1.089233
856	1.147851
857	1.090000
858	1.149540
859	1.092984
860	1.112455
861	1.116902
862	1.103763
863	1.148110
864	1.081754
865	1.115953
866	1.145282
867	1.111617
868	1.101913
869	1.138438
870	1.118815
871	1.071070
872	1.138758
873	1.100543
874	1.081558
875	1.123381
876	1.104161
877	1.104178
878	1.108164
879	1.130793
880	1.097103
881	1.166319
882	1.115322
883	1.107107
884	1.116272
885	1.072573
886	1.152151
887	1.074859
888	1.139597
889	1.087239
890	1.159598
891	1.153766
892	1.128565
893	1.150338
894	1.151567
895	1.116082
896	1.117438
897	1.123952
898	1.085963
899	1.116645
900	1.064389
901	1.151125
902	1.154694
903	1.123251
904	1.184209
905	1.069775
906	1.134328
907	1.178685
908	1.142547
909	1.156572
910	1.103336
911	1.108177
912	1.139064
913	1.163002
914	1.107981
915	1.184849
916	1.126072
917	1.133956
918	1.153232
919	1.087561
920	1.129129
921	1.137959
922	1.119557
923	1.123743
924	1.113178
925	1.114964
926	1.104180
927	1.106228
928	1.099966
929	1.110911
930	1.152131
931	1.141597
932	1.179537
933	1.116084
934	1.160614
935	1.218626
936	1.120549
937	1.174255
938	1.145404
939	1.094898
940	1.209545
941	1.128510
942	1.116405
943	1.217395
944	1.154260
945	1.196613
946	1.142353
947	1.148679
948	1.170158
949	1.154284
950	1.147887
951	1.178810
952	1.147998
953	1.127946
954	1.095080
955	1.119334
956	1.131976
957	1.171969
958	1.197651
959	1.163492
960	1.189543
961	1.180317
962	1.154218
963	1.163383
964	1.150427
965	1.151336
966	1.157510
967	1.181733
968	1.236042
969	1.181054
970	1.125634
971	1.206600
972	1.122082
973	1.138011
974	1.192885
975	1.184359
976	1.168964
977	1.147822
978	1.150843
979	1.175107
980	1.102844
981	1.193683
982	1.139916
983	1.170114
984	1.148170
985	1.160692
986	1.136104
987	1.155533
988	1.127333
989	1.171946
990	1.181118
991	1.126166
992	1.213219
993	1.178632
994	1.167867
995	1.157584
996	1.189126
997	1.179215
998	1.134086
999	1.181736
1000	1.186644
1001	1.261166
1002	1.125649
1003	1.201887
1004	1.175623
1005	1.218653
1006	1.171056
1007	1.180450
1008	1.237300
1009	1.159948
1010	1.229972
1011	1.188701
1012	1.214008
1013	1.183870
1014	1.157797
1015	1.252661
1016	1.171515
1017	1.210079
1018	1.157472
1019	1.189536
1020	1.238441
1021	1.169025
1022	1.232158
1023	1.158463
1024	1.192549
1025	1.175272
1026	1.155064
1027	1.212110
1028	1.188035
1029	1.203020
1030	1.153469
1031	1.159532
1032	1.162058
1033	1.195409
1034	1.168389
1035	1.153326
1036	1.196399
1037	1.195259
1038	1.182595
1039	1.188354
1040	1.186655
1041	1.200490
1042	1.205084
1043	1.243244
1044	1.206445
1045	1.179606
1046	1.218001
1047	1.189602
1048	1.165352
1049	1.197182
1050	1.248154
1051	1.192656
1052	1.165728
1053	1.150174
1054	1.226078
1055	1.281882
1056	1.182716
1057	1.188586
1058	1.186069
1059	1.190675
1060	1.225114
1061	1.169176
1062	1.240424
1063	1.223083
1064	1.173536
1065	1.144843
1066	1.172058
1067	1.266850
1068	1.211132
1069	1.152702
1070	1.143618
1071	1.252538
1072	1.227295
1073	1.208973
1074	1.207686
1075	1.163928
1076	1.199075
1077	1.210674
1078	1.210614
1079	1.211708
1080	1.209609
1081	1.241866
1082	1.256680
1083	1.253218
1084	1.244858
1085	1.187285
1086	1.198378
1087	1.210927
1088	1.229720
1089	1.169798
1090	1.243981
1091	1.269814
1092	1.285289
1093	1.248892
1094	1.204512
1095	1.258462
1096	1.237007
1097	1.172564
1098	1.219127
1099	1.206661
1100	1.250578
1101	1.175200
1102	1.167532
1103	1.182068
1104	1.289049
1105	1.182199
1106	1.177835
1107	1.196644
1108	1.213248
1109	1.260425
1110	1.236029
1111	1.223891
1112	1.229958
1113	1.317387
1114	1.286092
1115	1.278108
1116	1.253332
1117	1.202745
1118	1.319068
1119	1.204055
1120	1.252129
1121	1.162163
1122	1.276464
1123	1.225786
1124	1.251553
1125	1.236889
1126	1.183727
1127	1.275447
1128	1.217507
1129	1.240196
1130	1.209501
1131	1.264175
1132	1.236697
1133	1.219739
1134	1.250390
1135	1.196131
1136	1.299801
1137	1.205812
1138	1.257150
1139	1.276225
1140	1.281319
1141	1.227378
1142	1.237803
1143	1.220622
1144	1.199342
1145	1.249210
1146	1.231572
1147	1.282171
1148	1.243368
1149	1.220634
1150	1.230920
1151	1.278882
1152	1.237652
1153	1.256181
1154	1.306165
1155	1.262343
1156	1.248338
1157	1.254724
1158	1.276967
1159	1.259425
1160	1.247045
1161	1.228087
1162	1.235113
1163	1.258023
1164	1.290759
1165	1.269515
1166	1.281467
1167	1.301646
1168	1.253264
1169	1.271319
1170	1.276479
1171	1.240284
1172	1.241796
1173	1.212075
1174	1.260988
1175	1.263611
1176	1.230518
1177	1.238310
1178	1.234114
1179	1.275814
1180	1.313070
1181	1.235740
1182	1.229692
1183	1.300386
1184	1.280695
1185	1.219753
1186	1.251181
1187	1.289933
1188	1.290267
1189	1.264481
1190	1.249775
1191	1.235312
1192	1.244604
1193	1.207494
1194	1.296533
1195	1.263954
1196	1.254727
1197	1.280058
1198	1.220780
1199	1.231021
1200	1.245735
1201	1.281639
1202	1.262222
1203	1.185609
1204	1.248849
1205	1.303550
1206	1.362458
1207	1.318878
1208	1.245791
1209	1.186638
1210	1.281665
1211	1.282450
1212	1.322610
1213	1.305214
1214	1.228425
1215	1.251011
1216	1.288599
1217	1.349676
1218	1.315040
1219	1.248937
1220	1.220104
1221	1.288703
1222	1.300610
1223	1.392262
1224	1.319957
1225	1.280640
1226	1.242214
1227	1.277268
1228	1.213613
1229	1.308312
1230	1.256875
1231	1.330903
1232	1.225826
1233	1.279122
1234	1.265070
1235	1.275150
1236	1.245775
1237	1.230421
1238	1.254690
1239	1.302466
1240	1.281592
1241	1.364011
1242	1.297315
1243	1.262490
1244	1.286383
1245	1.225810
1246	1.271642
1247	1.285395
1248	1.315617
1249	1.243906
1250	1.316283
1251	1.272178
1252	1.277553
1253	1.236345
1254	1.225426
1255	1.263923
1256	1.354672
1257	1.366712
1258	1.293548
1259	1.232579
1260	1.274032
1261	1.303033
1262	1.300959
1263	1.340439
1264	1.308639
1265	1.335104
1266	1.221197
1267	1.181125
1268	1.253593
1269	1.297738
1270	1.398007
1271	1.361685
1272	1.281109
1273	1.223503
1274	1.244475
1275	1.322547
1276	1.328775
1277	1.267390
1278	1.224746
1279	1.254763
1280	1.340783
1281	1.361086
1282	1.285551
1283	1.368039
1284	1.252047
1285	1.268267
1286	1.324978
1287	1.314424
1288	1.397673
1289	1.289277
1290	1.252758
1291	1.210342
1292	1.410140
1293	1.457402
1294	1.307443
1295	1.349261
1296	1.245261
1297	1.287661
1298	1.271764
1299	1.235339
1300	1.344365
1301	1.289814
1302	1.297493
1303	1.301768
1304	1.264510
1305	1.251544
1306	1.277194
1307	1.282226
1308	1.363002
1309	1.277576
1310	1.328359
1311	1.270225
1312	1.257891
1313	1.328974
1314	1.370413
1315	1.355514
1316	1.329870
1317	1.316621
1318	1.241957
1319	1.264855
1320	1.312927
1321	1.371012
1322	1.363581
1323	1.390549
1324	1.365060
1325	1.317702
1326	1.251125
1327	1.234825
1328	1.295565
1329	1.368692
1330	1.415769
1331	1.344199
1332	1.237187
1333	1.235821
1334	1.349033
1335	1.349519
1336	1.386127
1337	1.340405
1338	1.480289
1339	1.491208
1340	1.405987
1341	1.280557
1342	1.202387
1343	1.245721
1344	1.369657
1345	1.474232
1346	1.438363
1347	1.361109
1348	1.288379
1349	1.301536
1350	1.268811
1351	1.290293
1352	1.320035
1353	1.380105
1354	1.252679
1355	1.281140
1356	1.305847
1357	1.362676
1358	1.322337
1359	1.285791
1360	1.331864
1361	1.342407
1362	1.326220
1363	1.384539
1364	1.402811
1365	1.345253
1366	1.258798
1367	1.301239
1368	1.364384
1369	1.313381
1370	1.355839
1371	1.306945
1372	1.307113
1373	1.325026
1374	1.348206
1375	1.382636
1376	1.334522
1377	1.400092
1378	1.335723
1379	1.286753
1380	1.278817
1381	1.340231
1382	1.439193
1383	1.301954
1384	1.377979
1385	1.333075
1386	1.311432
1387	1.356256
1388	1.311098
1389	1.292391
1390	1.396485
1391	1.345534
1392	1.372995
1393	1.345156
1394	1.356212
1395	1.342420
1396	1.290905
1397	1.282779
1398	1.294720
1399	1.301162
1400	1.374061
1401	1.395091
1402	1.444330
1403	1.316217
1404	1.267683
1405	1.357282
1406	1.330128
1407	1.340319
1408	1.380693
1409	1.369744
1410	1.366501
1411	1.298291
1412	1.354657
1413	1.313868
1414	1.349433
1415	1.292305
1416	1.310288
1417	1.318381
1418	1.377413
1419	1.373299
1420	1.347847
1421	1.369750
1422	1.368898
1423	1.321455
1424	1.265516
1425	1.294124
1426	1.323933
1427	1.387986
1428	1.451538
1429	1.403640
1430	1.380022
1431	1.316921
1432	1.303627
1433	1.339427
1434	1.292619
1435	1.370195
1436	1.300272
1437	1.401932
1438	1.373282
1439	1.387732
1440	1.332405
1441	1.367578
1442	1.326422
1443	1.391128
1444	1.392394
1445	1.336528
1446	1.403480
1447	1.421281
1448	1.355422
1449	1.353531
1450	1.412485
1451	1.366879
1452	1.388214
1453	1.422897
1454	1.445810
1455	1.417739
1456	1.300439
1457	1.301052
1458	1.353954
1459	1.357711
1460	1.436779
1461	1.456064
1462	1.377169
1463	1.422865
1464	1.354155
1465	1.327786
1466	1.389714
1467	1.367340
1468	1.412235
1469	1.385985
1470	1.378436
1471	1.450948
1472	1.401732
1473	1.469585
1474	1.498116
1475	1.331212
1476	1.311621
1477	1.297722
1478	1.298755
1479	1.398895
1480	1.324800
1481	1.411965
1482	1.419193
1483	1.405375
1484	1.469030
1485	1.385429
1486	1.359046
1487	1.411041
1488	1.363260
1489	1.415253
1490	1.400465
1491	1.410226
1492	1.319016
1493	1.398564
1494	1.374281
1495	1.355253
1496	1.383152
1497	1.330944
1498	1.351090
1499	1.400390
1500	1.361702
1501	1.465130
1502	1.451935
1503	1.420488
1504	1.395942
1505	1.405702
1506	1.381943
1507	1.418861
1508	1.313776
1509	1.405227
1510	1.398120
1511	1.361781
1512	1.379513
1513	1.394020
1514	1.353140
1515	1.392244
1516	1.402031
1517	1.317217
1518	1.297631
1519	1.334401
1520	1.329635
1521	1.430914
1522	1.391517
1523	1.478465
1524	1.388211
1525	1.364956
1526	1.352085
1527	1.358375
1528	1.401425
1529	1.325421
1530	1.302747
1531	1.435450
1532	1.349719
1533	1.398100
1534	1.362485
1535	1.338557
1536	1.468033
1537	1.393595
1538	1.411377
1539	1.419836
1540	1.381927
1541	1.363473
1542	1.313893
1543	1.358854
1544	1.355456
1545	1.371894
1546	1.364073
1547	1.384962
1548	1.407472
1549	1.399183
1550	1.473265
1551	1.415875
1552	1.376510
1553	1.410245
1554	1.367567
1555	1.325647
1556	1.315096
1557	1.341554
1558	1.306821
1559	1.406114
1560	1.401990
1561	1.427373
1562	1.341766
1563	1.378273
1564	1.361064
1565	1.401387
1566	1.391170
1567	1.390695
1568	1.350046
1569	1.423336
1570	1.446275
1571	1.366068
1572	1.406749
1573	1.436869
1574	1.380571
1575	1.408895
1576	1.397430
1577	1.393594
1578	1.430209
1579	1.377417
1580	1.375544
1581	1.330842
1582	1.347914
1583	1.289811
1584	1.346378
1585	1.293580
1586	1.429147
1587	1.392074
1588	1.410886
1589	1.464940
1590	1.551478
1591	1.353700
1592	1.488578
1593	1.463424
1594	1.422958
1595	1.379824
1596	1.522815
1597	1.400508
1598	1.450112
1599	1.469192
1600	1.511685
1601	1.352116
1602	1.457017
1603	1.481962
1604	1.426337
1605	1.369172
1606	1.443715
1607	1.356062
1608	1.342343
1609	1.399711
1610	1.393434
1611	1.298347
1612	1.340257
1613	1.398292
1614	1.390741
1615	1.398741
1616	1.508468
1617	1.451890
1618	1.515155
1619	1.449107
1620	1.520543
1621	1.340332
1622	1.372646
1623	1.385050
1624	1.350963
1625	1.403601
1626	1.441848
1627	1.330551
1628	1.425221
1629	1.382109
1630	1.421832
1631	1.452946
1632	1.456981
1633	1.492719
1634	1.505115
1635	1.436005
1636	1.429489
1637	1.419463
1638	1.439032
1639	1.332182
1640	1.396232
1641	1.368124
1642	1.365787
1643	1.487171
1644	1.456900
1645	1.382672
1646	1.367996
1647	1.410564
1648	1.412849
1649	1.467454
1650	1.301327
1651	1.426117
1652	1.388409
1653	1.430271
1654	1.320543
1655	1.386464
1656	1.453907
1657	1.484723
1658	1.410458
1659	1.459625
1660	1.450221
1661	1.466907
1662	1.426175
1663	1.412157
1664	1.467307
1665	1.402702
1666	1.421434
1667	1.373577
1668	1.406167
1669	1.395814
1670	1.465664
1671	1.377525
1672	1.459931
1673	1.544750
1674	1.350152
1675	1.360174
1676	1.384922
1677	1.422087
1678	1.443830
1679	1.464013
1680	1.441010
1681	1.509266
1682	1.436497
1683	1.395169
1684	1.526163
1685	1.416219
1686	1.399115
1687	1.411593
1688	1.379288
1689	1.408093
1690	1.367507
1691	1.469669
1692	1.539011
1693	1.433848
1694	1.432125
1695	1.496220
1696	1.429653
1697	1.417891
1698	1.464622
1699	1.489773
1700	1.456941
1701	1.438885
1702	1.554389
1703	1.398923
1704	1.425355
1705	1.466953
1706	1.531186
1707	1.413993
1708	1.523033
1709	1.398325
1710	1.502243
1711	1.424012
1712	1.391456
1713	1.432711
1714	1.446689
1715	1.417137
1716	1.369367
1717	1.536834
1718	1.501948
1719	1.435398
1720	1.516627
1721	1.477831
1722	1.538291
1723	1.543364
1724	1.546615
1725	1.482169
1726	1.446695
1727	1.391023
1728	1.462941
1729	1.466358
1730	1.467265
1731	1.511832
1732	1.424631
1733	1.512058
1734	1.536021
1735	1.408101
1736	1.517546
1737	1.475124
1738	1.525572
1739	1.360720
1740	1.464246
1741	1.379951
1742	1.457476
1743	1.459287
1744	1.424327
1745	1.578218
1746	1.512694
1747	1.463000
1748	1.478715
1749	1.549516
1750	1.383145
1751	1.464836
1752	1.461055
1753	1.558111
1754	1.489272
1755	1.388595
1756	1.438713
1757	1.475788
1758	1.469290
1759	1.605891
1760	1.423342
1761	1.423830
1762	1.514688
1763	1.469579
1764	1.579446
1765	1.531743
1766	1.553346
1767	1.353437
1768	1.475157
1769	1.468505
1770	1.445113
1771	1.465031
1772	1.512888
1773	1.457202
1774	1.448153
1775	1.470750
1776	1.462830
1777	1.426954
1778	1.473009
1779	1.496001
1780	1.436701
1781	1.593226
1782	1.412607
1783	1.548278
1784	1.594642
1785	1.427685
1786	1.391011
1787	1.565014
1788	1.387475
1789	1.419753
1790	1.505988
1791	1.537333
1792	1.424426
1793	1.378280
1794	1.483789
1795	1.497941
1796	1.381012
1797	1.501130
1798	1.425997
1799	1.440945
1800	1.444261
1801	1.414573
1802	1.480136
1803	1.455651
1804	1.403436
1805	1.460841
1806	1.462865
1807	1.501032
1808	1.386083
1809	1.506004
1810	1.560166
1811	1.460718
1812	1.461460
1813	1.501593
1814	1.414339
1815	1.493215
1816	1.491634
1817	1.489928
1818	1.489049
1819	1.545550
1820	1.478819
1821	1.468117
1822	1.421336
1823	1.522055
1824	1.499804
1825	1.376729
1826	1.543820
1827	1.412416
1828	1.483356
1829	1.570346
1830	1.462068
1831	1.415064
1832	1.525670
1833	1.570132
1834	1.497153
1835	1.481879
1836	1.492952
1837	1.509529
1838	1.506337
1839	1.516624
1840	1.470153
1841	1.451349
1842	1.472290
1843	1.578538
1844	1.605558
1845	1.507328
1846	1.498395
1847	1.501124
1848	1.541881
1849	1.521014
1850	1.484362
1851	1.480757
1852	1.549231
1853	1.659107
1854	1.443927
1855	1.556282
1856	1.632279
1857	1.402298
1858	1.538053
1859	1.515651
1860	1.447050
1861	1.487768
1862	1.582175
1863	1.528081
1864	1.621651
1865	1.422019
1866	1.619329
1867	1.618502
1868	1.553751
1869	1.437890
1870	1.582259
1871	1.584542
1872	1.540406
1873	1.548823
1874	1.396320
1875	1.736076
1876	1.405796
1877	1.607750
1878	1.552099
1879	1.497084
1880	1.479640
1881	1.613998
1882	1.501983
1883	1.552679
1884	1.480951
1885	1.692594
1886	1.520093
1887	1.492009
1888	1.670891
1889	1.574447
1890	1.565086
1891	1.581587
1892	1.601588
1893	1.539411
1894	1.559021
1895	1.572972
1896	1.584423
1897	1.524637
1898	1.412744
1899	1.505853
1900	1.492967
1901	1.399058
1902	1.710207
1903	1.556709
1904	1.519854
1905	1.572310
1906	1.629912
1907	1.662406
1908	1.553542
1909	1.561872
1910	1.611085
1911	1.554535
1912	1.524120
1913	1.499534
1914	1.571226
1915	1.382275
1916	1.475224
1917	1.553135
1918	1.441940
1919	1.406537
1920	1.547930
1921	1.592794
1922	1.595105
1923	1.538471
1924	1.640701
1925	1.573153
1926	1.558362
1927	1.506422
1928	1.668965
1929	1.614952
1930	1.559827
1931	1.608847
1932	1.553526
1933	1.566580
1934	1.521178
1935	1.451128
1936	1.529558
1937	1.533388
1938	1.396944
1939	1.443343
1940	1.630322
1941	1.506612
1942	1.536339
1943	1.491846
1944	1.583915
1945	1.619170
1946	1.538067
1947	1.484190
1948	1.649170
1949	1.440852
1950	1.547777
1951	1.441560
1952	1.538497
1953	1.512229
1954	1.527817
1955	1.426080
1956	1.605563
1957	1.402918
1958	1.652799
1959	1.422799
1960	1.437833
1961	1.537724
1962	1.541919
1963	1.554588
1964	1.612189
1965	1.533845
1966	1.623026
1967	1.600023
1968	1.551834
1969	1.459893
1970	1.501358
1971	1.552801
1972	1.459165
1973	1.596775
1974	1.513464
1975	1.438963
1976	1.626170
1977	1.646458
1978	1.571535
1979	1.669838
1980	1.433829
1981	1.579652
1982	1.547991
1983	1.502472
1984	1.637820
1985	1.450658
1986	1.494424
1987	1.785455
1988	1.489869
1989	1.537940
1990	1.575806
1991	1.542251
1992	1.526651
1993	1.652994
1994	1.483892
1995	1.586813
1996	1.602410
1997	1.515165
1998	1.465026
1999	1.527720
2000	1.445852
2001	1.726941
2002	1.567385
2003	1.524123
2004	1.447989
2005	1.573314
2006	1.581817
2007	1.606696
2008	1.479506
2009	1.524138
2010	1.601162
2011	1.489474
2012	1.635985
2013	1.596003
2014	1.640577
2015	1.456332
2016	1.595868
2017	1.669071
2018	1.466224
2019	1.726902
2020	1.527731
2021	1.561520
2022	1.735787
2023	1.565671
2024	1.753062
2025	1.541028
2026	1.986267
2027	1.491183
2028	1.610885
2029	1.484799
2030	1.448822
2031	1.655111
2032	1.603423
2033	1.581041
2034	1.616591
2035	1.609946
2036	1.556849
2037	1.545535
2038	1.469963
2039	1.529067
2040	1.728268
2041	1.518801
2042	1.808695
2043	1.583135
2044	1.522278
2045	1.557817
2046	1.582739
2047	1.628812
2048	1.566715
2049	1.548921
2050	1.693321
2051	1.656080
2052	1.561713
2053	1.656936
2054	1.665743
2055	1.500757
2056	1.715582
2057	1.553825
2058	1.538283
2059	1.599702
2060	1.499541
2061	1.596168
2062	1.584030
2063	1.551469
2064	1.543317
2065	1.556755
2066	1.454208
2067	1.498306
2068	1.524922
2069	1.567399
2070	1.597310
2071	1.590089
2072	1.539093
2073	1.434725
2074	1.506770
2075	1.666989
2076	1.606680
2077	1.600302
2078	1.449277
2079	1.656357
2080	1.491095
2081	1.578155
2082	1.587255
2083	1.518130
2084	1.756124
2085	1.572410
2086	1.523186
2087	1.607292
2088	1.639241
2089	1.473852
2090	1.716625
2091	1.620959
2092	1.633527
2093	1.579234
2094	1.565686
2095	1.494152
2096	1.842295
2097	1.639651
2098	1.584227
2099	1.614422
2100	1.634565
2101	1.581219
2102	1.634805
2103	1.625963
2104	1.544423
2105	1.690491
2106	1.523284
2107	1.530180
2108	1.595457
2109	1.585082
2110	1.671366
2111	1.563521
2112	1.711750
2113	1.624322
2114	1.648215
2115	1.536006
2116	1.546507
2117	1.633208
2118	1.495445
2119	1.629119
2120	1.542851
2121	1.632465
2122	1.633385
2123	1.492937
2124	1.634425
2125	1.685253
2126	1.694939
2127	1.611326
2128	1.581775
2129	1.601444
2130	1.561970
2131	1.628596
2132	1.632142
2133	1.654178
2134	1.526005
2135	1.695393
2136	1.647441
2137	1.614848
2138	1.618265
2139	1.523026
2140	1.585711
2141	1.738209
2142	1.569726
2143	1.628407
2144	1.703850
2145	1.649964
2146	1.584289
2147	1.637755
2148	1.634572
2149	1.600527
2150	1.609294
2151	1.635758
2152	1.534009
2153	1.689444
2154	1.571590
2155	1.507131
2156	1.567513
2157	1.630599
2158	1.679866
2159	1.584700
2160	1.562244
2161	1.691491
2162	1.615875
2163	1.567812
2164	1.645469
2165	1.744329
2166	1.622742
2167	1.800159
2168	1.715466
2169	1.558094
2170	1.552282
2171	1.575919
2172	1.637248
2173	1.603086
2174	1.572755
2175	1.647067
2176	1.629751
2177	1.543844
2178	1.565128
2179	1.712472
2180	1.597093
2181	1.657753
2182	1.586769
2183	1.694013
2184	1.525206
2185	1.542757
2186	1.518737
2187	1.593144
2188	1.746193
2189	1.588462
2190	1.623273
2191	1.630470
2192	1.579471
2193	1.648466
2194	1.545326
2195	1.909539
2196	1.810290
2197	1.712835
2198	1.638699
2199	1.586142
2200	1.701864
2201	1.768811
2202	1.676385
2203	1.771080
2204	1.550792
2205	1.857143
2206	1.685959
2207	1.528133
2208	1.728071
2209	1.695818
2210	1.785606
2211	1.829430
2212	1.853096
2213	1.793009
2214	1.686585
2215	1.663508
2216	1.808813
2217	1.618768
2218	1.674584
2219	1.729534
2220	1.589686
2221	1.615823
2222	1.743417
2223	1.588665
2224	1.679104
2225	1.566561
2226	1.555495
2227	1.648329
2228	1.680945
2229	1.696080
2230	1.559150
2231	1.606511
2232	1.754913
2233	1.526826
2234	1.538774
2235	1.695806
2236	1.807663
2237	1.720423
2238	1.604899
2239	1.646444
2240	1.736495
2241	1.629502
2242	1.738010
2243	1.685307
2244	1.599642
2245	1.665136
2246	1.620680
2247	1.608233
2248	1.701066
2249	1.748669
2250	1.553015
2251	1.581100
2252	1.655284
2253	1.580561
2254	1.502932
2255	1.706201
2256	1.739399
2257	1.545998
2258	1.704966
2259	1.597052
2260	1.728291
2261	1.768786
2262	1.696735
2263	1.721024
2264	1.555323
2265	1.664744
2266	1.656354
2267	1.605676
2268	1.822165
2269	1.701687
2270	1.645367
2271	1.600547
2272	1.775282
2273	1.679354
2274	1.808634
2275	1.655906
2276	1.650946
2277	1.663142
2278	1.668001
2279	1.681527
2280	1.756995
2281	1.714018
2282	1.765336
2283	1.637484
2284	1.787026
2285	1.579437
2286	1.700378
2287	1.767727
2288	1.585399
2289	1.641175
2290	1.796505
2291	1.736489
2292	1.753091
2293	1.748333
2294	1.827075
2295	1.584977
2296	1.845382
2297	1.948995
2298	1.518250
2299	1.743414
2300	1.689927
2301	1.591850
2302	1.866682
2303	1.649163
2304	1.707012
2305	1.645418
2306	1.703131
2307	1.637227
2308	1.618209
2309	1.638951
2310	1.603132
2311	1.621607
2312	1.619132
2313	1.714975
2314	1.753046
2315	1.755901
2316	1.717925
2317	1.648706
2318	1.749561
2319	1.670385
2320	1.721715
2321	1.785893
2322	1.630718
2323	1.650825
2324	1.652392
2325	1.679071
2326	1.713718
2327	1.656996
2328	1.656915
2329	1.723811
2330	1.937784
2331	1.782414
2332	1.648121
2333	1.660913
2334	1.728025
2335	1.689804
2336	1.611250
2337	1.617903
2338	1.746528
2339	1.778294
2340	1.759897
2341	1.656844
2342	1.629705
2343	1.663103
2344	1.772629
2345	1.735880
2346	1.655118
2347	1.610442
2348	1.702240
2349	1.606004
2350	1.869158
2351	1.740038
2352	1.777795
2353	1.553270
2354	1.831828
2355	1.867796
2356	1.836447
2357	1.550011
2358	1.720440
2359	1.824147
2360	1.786195
2361	1.751817
2362	1.971971
2363	1.842765
2364	1.860758
2365	1.637380
2366	1.827240
2367	1.733439
2368	1.745483
2369	1.603341
2370	1.654928
2371	1.668851
2372	1.641680
2373	1.607538
2374	1.596114
2375	1.960815
2376	2.144813
2377	2.097175
2378	1.640185
2379	1.664118
2380	1.739639
2381	1.787146
2382	1.701608
2383	1.734010
2384	1.662215
2385	1.659674
2386	1.725748
2387	1.689795
2388	1.632369
2389	1.793764
2390	1.655632
2391	1.704845
2392	1.598531
2393	1.714552
2394	1.946027
2395	1.725229
2396	1.773080
2397	1.723179
2398	1.643456
2399	1.926424
2400	1.866542
2401	1.841699
2402	1.707530
2403	1.699507
2404	1.698284
2405	1.685337
2406	1.895886
2407	1.872431
2408	1.782186
2409	1.819714
2410	1.811837
2411	1.664704
2412	1.748292
2413	1.917004
2414	1.734334
2415	1.684222
2416	1.675394
2417	1.828899
2418	1.675321
2419	1.671198
2420	1.764871
2421	1.914475
2422	1.686694
2423	1.523340
2424	1.751537
2425	2.040698
2426	1.644727
2427	1.543515
2428	1.868587
2429	2.235404
2430	1.979776
2431	1.744400
2432	1.630805
2433	1.888741
2434	1.983763
2435	1.833762
2436	1.685032
2437	1.700254
2438	2.060880
2439	1.985050
2440	1.943667
2441	1.785392
2442	1.701275
2443	1.777921
2444	2.096347
2445	2.110253
2446	2.208239
2447	1.903577
2448	1.722523
2449	1.749399
2450	1.841317
2451	1.906445
2452	1.830565
2453	2.011636
2454	2.004216
2455	2.000585
2456	1.670722
2457	1.609258
2458	1.608990
2459	1.788652
2460	1.814043
2461	1.763786
2462	1.758413
2463	1.761741
2464	1.930185
2465	2.065496
2466	2.053517
2467	1.877519
2468	1.690042
2469	1.757281
2470	1.865193
2471	1.874143
2472	1.978668
2473	1.950494
2474	1.879040
2475	2.193475
2476	1.988476
2477	1.914926
2478	2.033302
2479	2.072361
2480	2.374097
2481	2.422483
2482	2.455260
2483	2.240540
2484	2.108224
2485	1.774966
2486	1.766886
2487	1.614911
2488	1.891342
2489	1.985897
2490	1.801192
2491	1.513485
2492	1.845518
2493	1.683677
2494	1.775118
2495	1.844782
2496	1.999136
2497	1.795292
2498	1.750040
2499	1.711430
2500	1.889887
2501	1.971383
2502	1.810332
2503	1.822169
2504	1.727364
2505	1.984470
2506	1.844725
2507	1.700030
2508	1.878244
2509	1.878430
2510	1.992410
2511	1.737797
2512	1.821914
2513	1.786967
2514	1.862545
2515	1.878391
2516	1.972102
2517	2.091800
2518	2.112092
2519	1.931626
2520	1.975803
2521	1.893678
2522	2.314961
2523	2.437314
2524	2.495806
2525	2.665496
2526	3.001519
2527	3.951876
2528	3.654609
2529	3.847962
2530	4.074981
2531	3.932121
2532	3.905877
2533	3.904780
2534	3.927122
2535	4.077561
2536	4.185237
2537	4.020291
2538	3.766462
2539	3.996720
2540	3.891107
2541	4.026970
2542	3.951225
2543	4.061902
2544	4.273175
2545	4.141137
2546	4.033620
2547	3.613798
2548	3.551844
2549	3.266954
2550	3.453292
2551	3.431050
2552	3.800836
2553	3.674828
2554	4.233847
2555	4.264156
2556	4.365368
2557	3.925215
2558	4.076052
2559	4.105174
2560	4.058694
