0	4.950102
1	4.330489
2	4.217683
3	4.136549
4	4.349432
5	4.668436
6	4.990422
7	5.080274
8	4.937565
9	4.924973
10	5.148585
11	5.232512
12	5.327578
13	5.709988
14	6.082389
15	6.030427
16	5.894634
17	5.433928
18	4.876245
19	4.527284
20	4.509801
21	4.807751
22	4.758805
23	4.654681
24	4.533761
25	4.494245
26	4.762807
27	5.094982
28	5.120677
29	4.887366
30	4.642165
31	4.501271
32	4.426907
33	4.322767
34	4.293596
35	4.241794
36	4.320286
37	4.914685
38	5.267645
39	5.025517
40	4.502218
41	4.112248
42	4.188826
43	4.610796
44	4.926498
45	4.952044
46	4.964341
47	5.137123
48	5.244150
49	4.847584
50	4.678128
51	5.050758
52	5.158419
53	5.251154
54	5.304463
55	5.073155
56	4.575973
57	4.387859
58	4.771619
59	5.065781
60	4.939486
61	4.638545
62	4.546054
63	4.559983
64	4.452575
65	4.546504
66	4.612214
67	4.628664
68	4.650007
69	4.588357
70	4.249365
71	4.129333
72	4.200193
73	4.192818
74	4.171692
75	4.136846
76	4.001415
77	3.920732
78	3.969847
79	4.327535
80	4.766400
81	4.844863
82	4.617191
83	4.435070
84	4.394316
85	4.461997
86	4.802494
87	5.088950
88	5.075600
89	5.049656
90	4.889370
91	4.795573
92	4.539732
93	4.373270
94	4.498638
95	4.554109
96	4.532958
97	4.426517
98	4.236787
99	4.099332
100	4.315103
101	4.645381
102	4.948616
103	4.682269
104	4.531372
105	4.955275
106	5.383143
107	5.515234
108	5.169216
109	5.018027
110	5.016509
111	5.166479
112	5.123174
113	5.123999
114	5.184395
115	5.063301
116	4.858766
117	4.806372
118	5.152633
119	5.420983
120	5.398741
121	5.448648
122	5.773335
123	6.035315
124	6.296257
125	6.520921
126	6.387028
127	6.152476
128	6.051706
129	6.273495
130	6.638041
131	7.032674
132	6.860180
133	6.494608
134	6.345517
135	6.152422
136	6.132174
137	6.375635
138	6.427372
139	6.544801
140	6.621994
141	6.493848
142	6.364045
143	6.399913
144	6.423252
145	6.418633
146	6.269817
147	6.129965
148	6.089513
149	5.951111
150	5.831234
151	5.848670
152	5.952204
153	5.784740
154	5.668124
155	5.869207
156	6.126908
157	6.050069
158	5.635251
159	5.263994
160	5.192940
161	5.176846
162	5.288886
163	5.548058
164	5.921198
165	6.174278
166	6.347851
167	6.171058
168	5.889728
169	5.776299
170	5.910466
171	5.957626
172	5.821804
173	5.680223
174	5.757019
175	5.980063
176	6.085425
177	5.827837
178	5.511421
179	5.559707
180	5.721684
181	5.951792
182	5.814240
183	5.750284
184	5.600908
185	5.593922
186	5.775458
187	6.072140
188	6.340224
189	6.154804
190	5.983807
191	5.708541
192	5.793812
193	5.767317
194	5.763585
195	6.011330
196	5.883051
197	5.726357
198	5.750283
199	5.560822
200	5.246091
201	5.154583
202	4.987917
203	5.154614
204	5.164991
205	5.388064
206	5.514690
207	5.589942
208	5.762851
209	5.921824
210	5.780629
211	5.468112
212	5.618933
213	5.715229
214	5.742654
215	5.682838
216	5.719609
217	5.740758
218	5.459415
219	5.121820
220	4.997738
221	5.073739
222	5.135328
223	5.037623
224	4.994809
225	5.193534
226	5.106636
227	4.956452
228	5.267961
229	5.634637
230	5.848123
231	5.996360
232	6.126172
233	6.162071
234	6.261664
235	6.250113
236	6.023990
237	6.053402
238	6.087207
239	6.053710
240	5.878912
241	5.955249
242	6.095568
243	5.948364
244	6.061668
245	5.959598
246	6.059454
247	6.289365
248	6.439327
249	6.266061
250	6.189571
251	6.185358
252	6.083647
253	5.757741
254	5.769747
255	5.816797
256	5.916940
257	6.133654
258	6.066053
259	6.216651
260	6.126174
261	6.006732
262	5.693471
263	5.622633
264	5.914584
265	5.865163
266	5.640116
267	5.625159
268	5.615685
269	5.702201
270	5.932464
271	6.045310
272	5.927532
273	5.993856
274	6.202129
275	6.204190
276	6.143014
277	6.382003
278	6.494115
279	6.298738
280	6.140817
281	6.100265
282	6.064739
283	6.427391
284	6.757358
285	6.568507
286	6.056155
287	6.173931
288	6.269645
289	6.033022
290	5.840286
291	5.698251
292	5.782170
293	5.920284
294	6.007977
295	6.075921
296	6.263414
297	6.358028
298	6.579862
299	6.808300
300	6.862796
301	6.537845
302	6.238108
303	6.254632
304	6.565291
305	6.602863
306	6.523799
307	6.539258
308	6.617956
309	6.935271
310	7.089930
311	7.102262
312	6.900392
313	6.606921
314	6.388788
315	6.463957
316	6.472943
317	6.370685
318	6.157079
319	6.181599
320	6.398755
321	6.585906
322	6.404235
323	5.924744
324	5.715337
325	5.605092
326	5.865622
327	5.945997
328	5.916335
329	5.862706
330	6.083545
331	6.392399
332	6.590251
333	6.495850
334	6.253553
335	5.976331
336	5.629062
337	5.536724
338	5.647379
339	5.752794
340	6.005302
341	6.190903
342	6.286732
343	6.195411
344	6.053025
345	5.788665
346	5.615677
347	5.623542
348	5.737832
349	5.589466
350	5.519941
351	5.570121
352	5.797860
353	5.964370
354	5.945886
355	5.814848
356	5.816421
357	6.000329
358	6.194547
359	6.306392
360	6.343020
361	6.508957
362	6.624223
363	6.897135
364	6.960763
365	6.988591
366	6.722798
367	6.285576
368	6.036252
369	5.850016
370	5.799377
371	5.856661
372	5.934381
373	6.189411
374	6.393156
375	6.526321
376	6.306502
377	6.212076
378	6.105046
379	5.772775
380	5.705522
381	5.638606
382	5.695430
383	5.767071
384	5.960422
385	5.991447
386	5.920626
387	5.911118
388	5.816885
389	5.890892
390	5.546160
391	5.606208
392	5.651500
393	5.777833
394	5.683959
395	5.470934
396	5.482023
397	5.595566
398	5.669042
399	5.766461
400	5.860602
401	5.858954
402	5.905600
403	6.003231
404	6.176542
405	6.318414
406	6.338857
407	6.231612
408	6.223462
409	6.137208
410	6.158273
411	5.932145
412	5.732741
413	5.541949
414	5.704446
415	5.647413
416	5.785310
417	5.915276
418	6.020801
419	5.868177
420	5.624760
421	5.747609
422	5.862370
423	5.771276
424	5.664543
425	5.853225
426	6.012918
427	5.935398
428	5.717503
429	5.550392
430	5.435892
431	5.378543
432	5.518017
433	5.635479
434	5.625395
435	5.619621
436	5.871595
437	5.867241
438	5.938221
439	6.068063
440	6.290233
441	6.348410
442	6.388769
443	6.448955
444	6.556633
445	6.451223
446	6.485534
447	6.567534
448	6.384677
449	6.189994
450	5.875589
451	5.900238
452	5.803126
453	6.065811
454	6.263456
455	6.271749
456	6.092622
457	6.123703
458	6.305858
459	6.284897
460	6.278664
461	6.183268
462	6.367767
463	6.438315
464	6.382008
465	6.234487
466	6.281915
467	6.372735
468	6.531680
469	6.341559
470	6.046589
471	5.734844
472	5.593790
473	5.559327
474	5.587954
475	5.801107
476	6.008082
477	5.928088
478	5.799940
479	5.962572
480	5.954586
481	5.779814
482	5.742532
483	5.944829
484	6.074157
485	5.960401
486	5.589712
487	5.428047
488	5.620257
489	5.674551
490	5.797500
491	5.832071
492	5.931975
493	6.051513
494	6.078512
495	6.171713
496	6.344007
497	6.404676
498	6.295794
499	6.280819
500	6.290957
501	6.266836
502	6.562094
503	6.670492
504	6.492870
505	6.780436
506	6.760148
507	6.453604
508	6.389874
509	6.702134
510	6.950668
511	7.004478
512	6.874935
513	6.918894
514	6.831062
515	6.763247
516	6.419307
517	6.331382
518	6.541897
519	6.765635
520	6.785410
521	7.115635
522	7.084088
523	7.045444
524	7.011129
525	6.888157
526	6.932561
527	7.185671
528	7.161829
529	7.132689
530	7.184069
531	7.027200
532	6.955146
533	7.246411
534	7.024369
535	6.851599
536	7.019859
537	7.297398
538	7.424947
539	7.371508
540	7.207283
541	7.463607
542	7.475567
543	7.222897
544	7.077342
545	7.225273
546	7.372024
547	7.371292
548	7.662152
549	7.742572
550	7.555491
551	7.467299
552	7.049947
553	6.635285
554	6.571002
555	6.367438
556	6.127842
557	6.171072
558	6.055279
559	6.167495
560	6.456131
561	7.533283
562	7.117117
563	6.913340
564	7.053848
565	7.366706
566	7.702453
567	7.849567
568	7.967894
569	7.960978
570	7.668716
571	7.567989
572	7.674181
573	7.719115
574	7.466397
575	7.349220
576	7.427731
577	7.314600
578	7.270368
579	7.458313
580	7.334418
581	6.878827
582	6.910104
583	7.344168
584	7.423722
585	7.265101
586	7.158797
587	7.293613
588	7.451300
589	7.409143
590	7.602615
591	7.964882
592	7.820468
593	7.488056
594	7.426083
595	7.537721
596	7.762828
597	7.721550
598	7.195945
599	7.127186
600	7.252613
601	7.410885
602	7.255564
603	7.308128
604	7.217057
605	7.018667
606	7.140970
607	7.381114
608	7.542813
609	7.712350
610	7.898998
611	7.551415
612	7.483375
613	7.458889
614	7.198906
615	7.118015
616	6.997418
617	7.084748
618	7.659418
619	7.715125
620	7.415966
621	7.434832
622	7.717134
623	7.469167
624	7.311673
625	7.379549
626	7.217513
627	7.193455
628	7.322694
629	7.552732
630	7.250184
631	6.947758
632	7.109148
633	7.112328
634	7.307952
635	7.775717
636	7.493964
637	7.208084
638	7.279533
639	7.334235
640	7.450817
641	7.965013
642	8.095207
643	8.182226
644	7.966709
645	7.835499
646	7.760602
647	7.681535
648	7.776663
649	7.853024
650	8.065811
651	8.297573
652	8.206154
653	7.974248
654	8.061697
655	8.054266
656	7.976880
657	7.801135
658	7.653648
659	7.504831
660	7.327493
661	7.293425
662	7.406941
663	7.428030
664	7.407316
665	7.762409
666	7.756716
667	7.755736
668	7.537210
669	7.425640
670	7.385050
671	7.424895
672	7.285527
673	7.195993
674	6.910849
675	6.736857
676	6.695971
677	6.893494
678	7.077879
679	7.311072
680	7.390191
681	7.190717
682	7.186595
683	7.598521
684	7.695938
685	7.535550
686	7.264197
687	6.894169
688	6.805525
689	6.828236
690	6.841436
691	6.783674
692	6.810035
693	6.664152
694	6.380322
695	6.119526
696	6.259595
697	6.285952
698	6.121425
699	6.079869
700	6.208265
701	5.879286
702	5.577815
703	5.453520
704	5.645639
705	5.872039
706	5.946785
707	6.034239
708	6.309683
709	6.555636
710	6.694193
711	6.811039
712	6.780180
713	6.773631
714	6.652915
715	6.391485
716	6.201526
717	6.249693
718	6.606948
719	7.006610
720	7.519162
721	6.766301
722	6.683082
723	6.767503
724	6.912891
725	6.900554
726	6.805314
727	6.799997
728	6.677984
729	6.623041
730	6.649201
731	6.736209
732	6.805875
733	6.915656
734	6.888683
735	7.053184
736	7.083059
737	7.075287
738	6.998439
739	6.835758
740	6.712541
741	6.565659
742	6.746027
743	7.076660
744	7.140491
745	6.918303
746	7.071840
747	7.130692
748	6.920221
749	7.167768
750	7.499156
751	7.403929
752	7.296066
753	7.297843
754	7.518271
755	7.392521
756	7.517192
757	7.625062
758	7.746304
759	7.586939
760	7.357469
761	7.160808
762	7.181427
763	7.601721
764	7.703942
765	7.531050
766	7.269078
767	7.087001
768	7.069078
769	6.790217
770	6.549411
771	6.717935
772	6.973151
773	7.098910
774	7.277423
775	7.427423
776	7.300313
777	7.111135
778	6.834234
779	6.777387
780	6.946578
781	7.176127
782	7.208175
783	6.978788
784	6.832055
785	7.077066
786	7.143676
787	7.248183
788	7.193358
789	7.099113
790	7.149114
791	7.345999
792	7.318291
793	7.130720
794	7.078133
795	7.350091
796	7.511071
797	7.355297
798	7.030856
799	6.985671
800	7.102679
801	7.121160
802	7.636573
803	8.006722
804	7.976567
805	7.904898
806	7.918317
807	8.172006
808	8.231225
809	8.266472
810	8.434216
811	8.882531
812	9.509477
813	9.618050
814	9.487602
815	9.496142
816	9.665484
817	9.925877
818	10.153452
819	10.105609
820	10.080480
821	10.160631
822	10.125053
823	9.823644
824	9.475601
825	8.956068
826	8.481987
827	8.459867
828	8.723839
829	8.800797
830	8.732154
831	8.764742
832	9.049074
833	9.202674
834	9.088099
835	8.883753
836	9.174815
837	9.388566
838	9.356421
839	9.071285
840	8.885009
841	8.461393
842	8.231362
843	8.295286
844	8.534247
845	8.756661
846	9.088354
847	9.362823
848	9.048492
849	8.734265
850	8.868475
851	9.237267
852	9.569788
853	9.598199
854	9.580020
855	9.525591
856	9.486727
857	9.784132
858	9.880875
859	9.744047
860	9.732423
861	9.662534
862	9.661112
863	9.741971
864	9.401674
865	9.357566
866	9.112119
867	9.325509
868	9.562149
869	9.516025
870	9.158846
871	9.027538
872	8.926942
873	8.947896
874	9.105120
875	8.897638
876	8.608755
877	8.400107
878	8.458031
879	8.611317
880	8.485241
881	8.307239
882	8.481647
883	8.917641
884	9.211901
885	9.188701
886	9.023316
887	9.222082
888	9.251223
889	9.112413
890	9.296021
891	9.656043
892	9.475676
893	9.010143
894	8.541377
895	8.589868
896	8.674361
897	8.492850
898	8.441234
899	8.583564
900	9.053347
901	9.393112
902	9.296595
903	9.135713
904	8.824906
905	8.786199
906	8.781056
907	8.803737
908	8.558025
909	8.569725
910	8.538236
911	8.619738
912	8.285529
913	8.067666
914	8.308860
915	8.613687
916	8.714752
917	8.737725
918	8.784655
919	8.804634
920	8.912175
921	9.259720
922	9.314074
923	8.956073
924	8.563576
925	8.278539
926	8.255108
927	8.375222
928	8.464612
929	8.760064
930	9.024142
931	9.046905
932	9.026734
933	9.275314
934	9.603569
935	9.872994
936	9.780884
937	9.805034
938	10.296537
939	10.537230
940	10.227666
941	10.101064
942	9.901560
943	9.433069
944	9.284494
945	9.602298
946	9.649968
947	9.530954
948	9.600730
949	9.680650
950	9.545867
951	9.686349
952	10.000413
953	10.115017
954	9.909697
955	9.649291
956	9.533168
957	9.385027
958	9.767206
959	9.649331
960	9.332858
961	9.114281
962	9.074537
963	9.248197
964	8.829520
965	8.363474
966	8.032866
967	8.005504
968	7.688212
969	7.926641
970	8.053352
971	7.975648
972	8.017289
973	7.974378
974	7.927485
975	7.804641
976	7.671491
977	7.428314
978	7.465713
979	7.600620
980	8.052493
981	8.074800
982	8.021920
983	8.421689
984	8.641650
985	8.220634
986	7.913647
987	7.786729
988	7.332701
989	7.198772
990	7.270075
991	7.123640
992	6.888603
993	7.002876
994	7.647741
995	8.046343
996	7.839028
997	7.891774
998	8.175027
999	8.362184
1000	8.607295
1001	8.652752
1002	8.239954
1003	7.710226
1004	7.591507
1005	7.640479
1006	7.936402
1007	7.941327
1008	7.967658
1009	8.269505
1010	8.652377
1011	8.674534
1012	8.816759
1013	9.172468
1014	9.532986
1015	9.386771
1016	9.398163
1017	9.738585
1018	9.741636
1019	9.712919
1020	9.820270
1021	9.796777
1022	9.476676
1023	9.407664
1024	9.473391
1025	9.431744
1026	9.618020
1027	9.773040
1028	9.778700
1029	9.760903
1030	9.949974
1031	9.990129
1032	10.072460
1033	10.031981
1034	9.633650
1035	9.352617
1036	9.698512
1037	9.860529
1038	9.800509
1039	9.966980
1040	9.737329
1041	9.519977
1042	9.580604
1043	9.492984
1044	9.258185
1045	9.203516
1046	9.391229
1047	9.556087
1048	9.631501
1049	9.621145
1050	9.668202
1051	9.588735
1052	9.569441
1053	9.506633
1054	9.584049
1055	9.466178
1056	9.471173
1057	9.486194
1058	9.726663
1059	9.741230
1060	9.634581
1061	9.463142
1062	9.486654
1063	9.576397
1064	9.323375
1065	9.273684
1066	9.635126
1067	9.552538
1068	9.472878
1069	9.154614
1070	8.955544
1071	9.192079
1072	9.353441
1073	9.228154
1074	9.390163
1075	9.398205
1076	9.274898
1077	9.439388
1078	9.631947
1079	9.652251
1080	9.506124
1081	9.578866
1082	9.522339
1083	9.382233
1084	9.397115
1085	9.284164
1086	9.060184
1087	8.884361
1088	8.875956
1089	9.005179
1090	9.025482
1091	8.946859
1092	8.853152
1093	8.916591
1094	8.905419
1095	8.960190
1096	8.796317
1097	8.882051
1098	8.784033
1099	8.624598
1100	8.464744
1101	8.540966
1102	8.708632
1103	8.786527
1104	8.683969
1105	8.701829
1106	8.982918
1107	9.085618
1108	9.007714
1109	8.992600
1110	8.981993
1111	8.958994
1112	9.014630
1113	9.086564
1114	9.119678
1115	9.450466
1116	9.820246
1117	9.846460
1118	9.575699
1119	9.156239
1120	8.839355
1121	8.760364
1122	8.574734
1123	8.610767
1124	8.546996
1125	8.557226
1126	8.939463
1127	9.169791
1128	8.923060
1129	8.792426
1130	8.761919
1131	8.910947
1132	8.961408
1133	9.002261
1134	8.934889
1135	8.821322
1136	8.588653
1137	8.424052
1138	8.275923
1139	8.374867
1140	8.484192
1141	8.599284
1142	8.817844
1143	8.930538
1144	8.667898
1145	8.395426
1146	8.529883
1147	8.694732
1148	8.830122
1149	8.678463
1150	8.571269
1151	8.334208
1152	8.233266
1153	8.336177
1154	8.504647
1155	8.597705
1156	8.600108
1157	8.450160
1158	8.420649
1159	8.433140
1160	8.681209
1161	8.665909
1162	8.602290
1163	8.695329
1164	8.751184
1165	8.926675
1166	9.204803
1167	9.201598
1168	8.980001
1169	8.925991
1170	8.716285
1171	8.666918
1172	8.739596
1173	8.616586
1174	8.436566
1175	8.311599
1176	8.093011
1177	7.952417
1178	7.990172
1179	8.017529
1180	7.806940
1181	7.771453
1182	7.677219
1183	7.573205
1184	7.722837
1185	7.794766
1186	7.577860
1187	7.578979
1188	7.806786
1189	7.815650
1190	7.709352
1191	7.680969
1192	7.581154
1193	7.444082
1194	7.423995
1195	7.573238
1196	7.639382
1197	7.561734
1198	7.452622
1199	7.412650
1200	7.390863
1201	7.384876
1202	7.508502
1203	7.850399
1204	8.028787
1205	8.011267
1206	8.208606
1207	8.278216
1208	8.593204
1209	8.732237
1210	8.702429
1211	8.709097
1212	8.621308
1213	8.678099
1214	8.682076
1215	8.830167
1216	8.864689
1217	8.902011
1218	8.963867
1219	9.092741
1220	8.968762
1221	8.805305
1222	8.586797
1223	8.528222
1224	8.547750
1225	8.524871
1226	8.411707
1227	8.383694
1228	8.408328
1229	8.431210
1230	8.573137
1231	8.454916
1232	8.329624
1233	8.294653
1234	8.152499
1235	8.223167
1236	8.280704
1237	8.192569
1238	8.045897
1239	7.775578
1240	7.402891
1241	7.245918
1242	7.573428
1243	7.675997
1244	7.653243
1245	7.685682
1246	7.754551
1247	7.681850
1248	7.699092
1249	7.744791
1250	7.688572
1251	7.439419
1252	7.198471
1253	7.047256
1254	7.015131
1255	7.042006
1256	6.878897
1257	6.914482
1258	7.266912
1259	7.553439
1260	7.634261
1261	7.608950
1262	7.475462
1263	7.160764
1264	7.206254
1265	7.494783
1266	7.812590
1267	8.014228
1268	8.061451
1269	7.736660
1270	7.460221
1271	7.498799
1272	7.522862
1273	7.628357
1274	7.631507
1275	7.646782
1276	7.849607
1277	8.063165
1278	8.057156
1279	8.082978
1280	7.864791
1281	7.935047
1282	8.092704
1283	8.041240
1284	8.164454
1285	8.159842
1286	7.974203
1287	7.931467
1288	7.797298
1289	7.566442
1290	7.295647
1291	7.463201
1292	7.508702
1293	7.820535
1294	7.895983
1295	7.948123
1296	7.774378
1297	7.593182
1298	7.879362
1299	7.978986
1300	8.084241
1301	8.156478
1302	8.116815
1303	8.179350
1304	8.256250
1305	8.223054
1306	7.951136
1307	7.756757
1308	7.623026
1309	7.543060
1310	7.580188
1311	7.524280
1312	7.347229
1313	7.188025
1314	7.120717
1315	7.123474
1316	7.055674
1317	7.347286
1318	7.661819
1319	7.649259
1320	7.556396
1321	7.316866
1322	7.204997
1323	6.873419
1324	6.812883
1325	6.930495
1326	6.850109
1327	6.687964
1328	6.398152
1329	6.241740
1330	6.276645
1331	6.209829
1332	6.349786
1333	6.618629
1334	7.001068
1335	7.160551
1336	7.040209
1337	7.123489
1338	7.184021
1339	7.136788
1340	6.941950
1341	6.693338
1342	6.522667
1343	6.484377
1344	6.455164
1345	6.437065
1346	6.626147
1347	6.444140
1348	6.442592
1349	6.321949
1350	6.139256
1351	6.283894
1352	6.228325
1353	6.064975
1354	6.374358
1355	6.649905
1356	6.895671
1357	6.737898
1358	6.505133
1359	6.491963
1360	6.588414
1361	6.612126
1362	6.927253
1363	6.805207
1364	6.764594
1365	6.798280
1366	6.858402
1367	6.845459
1368	6.674761
1369	6.785408
1370	6.983342
1371	7.244415
1372	7.183770
1373	6.960222
1374	6.822745
1375	7.042346
1376	7.157107
1377	7.346317
1378	7.147722
1379	6.962133
1380	6.855449
1381	7.015971
1382	7.169474
1383	6.949550
1384	6.733336
1385	6.681399
1386	6.685237
1387	7.112082
1388	7.371449
1389	7.344021
1390	7.250963
1391	7.289168
1392	7.472619
1393	7.495728
1394	7.823453
1395	7.732964
1396	7.576746
1397	7.690815
1398	7.750854
1399	7.829895
1400	7.842034
1401	7.787671
1402	7.553798
1403	7.374618
1404	7.437877
1405	7.581652
1406	7.272533
1407	7.024955
1408	7.094203
1409	7.277522
1410	7.392247
1411	7.342943
1412	7.402218
1413	7.672913
1414	7.632551
1415	7.673262
1416	7.526690
1417	7.171938
1418	7.162138
1419	7.157701
1420	7.197953
1421	7.161983
1422	7.059422
1423	7.111804
1424	7.158774
1425	6.995461
1426	6.828783
1427	6.751801
1428	6.929443
1429	6.856564
1430	6.829616
1431	6.821740
1432	6.822274
1433	6.928027
1434	7.159457
1435	7.133439
1436	7.246572
1437	7.165442
1438	7.199542
1439	7.323903
1440	7.465545
1441	7.471410
1442	7.120294
1443	6.876060
1444	7.179519
1445	7.417074
1446	7.584514
1447	7.586216
1448	7.647693
1449	7.774878
1450	7.987439
1451	7.933524
1452	7.702765
1453	7.655488
1454	7.848533
1455	7.731393
1456	7.723383
1457	7.865386
1458	7.562577
1459	7.209770
1460	7.117487
1461	7.378813
1462	7.571498
1463	7.682929
1464	7.746917
1465	7.621317
1466	7.431615
1467	7.420873
1468	7.395768
1469	7.349786
1470	7.279940
1471	7.360610
1472	7.557187
1473	7.489537
1474	7.268978
1475	7.155099
1476	7.096715
1477	7.214693
1478	7.248580
1479	7.430467
1480	7.563388
1481	7.602614
1482	7.600677
1483	7.520944
1484	7.471356
1485	7.667200
1486	7.775069
1487	7.611770
1488	7.701014
1489	7.640949
1490	7.640580
1491	7.655823
1492	7.730671
1493	7.748358
1494	7.581026
1495	7.269399
1496	6.919379
1497	6.830697
1498	6.894014
1499	6.873517
1500	7.120786
1501	7.405490
1502	7.564764
1503	7.669074
1504	7.725868
1505	7.803301
1506	8.059673
1507	8.208888
1508	7.876942
1509	7.972071
1510	7.935884
1511	7.776573
1512	7.464105
1513	7.379488
1514	7.296872
1515	7.211991
1516	7.363450
1517	7.625104
1518	7.791061
1519	7.810608
1520	7.733645
1521	7.779825
1522	7.777551
1523	7.822463
1524	7.791160
1525	7.795068
1526	7.623797
1527	7.436081
1528	7.426620
1529	7.717622
1530	8.020999
1531	8.157660
1532	8.180990
1533	7.675430
1534	7.188489
1535	6.692873
1536	6.681528
1537	6.890299
1538	7.009379
1539	7.038295
1540	6.908982
1541	6.758615
1542	6.858854
1543	6.814356
1544	6.970168
1545	6.952729
1546	7.001710
1547	6.972955
1548	6.863647
1549	6.721533
1550	6.584097
1551	6.146101
1552	5.799441
1553	5.909629
1554	6.176539
1555	6.206811
1556	6.221972
1557	6.272097
1558	6.251491
1559	6.196431
1560	6.039785
1561	5.961389
1562	5.997187
1563	6.114992
1564	6.117685
1565	6.152058
1566	6.285860
1567	6.311326
1568	6.358117
1569	6.416885
1570	6.265181
1571	6.134591
1572	6.112639
1573	6.189991
1574	5.962104
1575	5.925528
1576	5.852367
1577	5.774883
1578	5.784228
1579	5.702476
1580	5.545990
1581	5.646654
1582	5.684354
1583	5.610770
1584	5.686032
1585	5.720047
1586	5.600391
1587	5.568505
1588	5.577526
1589	5.663148
1590	5.731745
1591	5.811819
1592	5.919377
1593	5.614834
1594	5.462221
1595	5.610135
1596	5.725564
1597	6.016939
1598	5.893002
1599	5.429375
1600	5.307472
1601	5.550800
1602	5.417663
1603	5.179173
1604	4.842253
1605	5.117185
1606	5.493416
1607	5.693069
1608	5.775990
1609	5.474468
1610	5.208395
1611	5.352654
1612	5.233542
1613	5.223217
1614	5.221694
1615	4.814055
1616	4.471251
1617	4.460378
1618	4.683329
1619	4.907389
1620	4.888471
1621	5.051577
1622	5.057803
1623	5.181468
1624	5.395893
1625	5.348807
1626	5.397401
1627	5.754106
1628	5.768858
1629	5.629453
1630	5.666214
1631	5.820204
1632	5.884620
1633	5.724305
1634	5.493298
1635	5.618343
1636	5.690683
1637	5.636734
1638	5.326611
1639	5.007569
1640	4.969475
1641	5.271376
1642	5.503840
1643	5.661742
1644	5.766680
1645	5.663646
1646	5.282893
1647	5.056475
1648	5.252984
1649	5.403522
1650	5.652487
1651	5.737479
1652	5.606950
1653	5.566702
1654	5.547069
1655	5.541935
1656	5.635984
1657	5.482852
1658	5.588617
1659	5.948320
1660	6.205709
1661	6.215034
1662	6.107526
1663	5.950538
1664	5.946213
1665	6.152971
1666	6.126451
1667	6.235961
1668	6.461426
1669	6.533923
1670	6.381134
1671	6.149536
1672	6.229621
1673	6.508236
1674	6.610928
1675	6.577137
1676	6.364766
1677	6.126046
1678	5.943810
1679	6.106298
1680	6.212679
1681	5.988257
1682	5.969205
1683	5.805121
1684	5.686266
1685	5.733034
1686	5.815515
1687	5.955889
1688	6.177361
1689	6.331664
1690	6.274580
1691	6.047485
1692	5.669683
1693	5.581535
1694	5.765572
1695	5.777162
1696	6.016377
1697	6.287648
1698	6.314499
1699	6.379424
1700	6.508836
1701	6.384812
1702	6.360135
1703	6.542405
1704	6.581964
1705	6.526303
1706	6.692507
1707	6.770086
1708	6.494502
1709	6.475253
1710	6.490465
1711	6.439033
1712	6.104579
1713	6.134703
1714	6.458264
1715	6.461210
1716	6.599094
1717	6.873919
1718	6.965011
1719	6.954813
1720	7.034707
1721	7.040649
1722	7.107519
1723	7.146310
1724	7.252824
1725	7.511804
1726	7.559418
1727	7.601190
1728	7.680634
1729	7.807373
1730	7.732153
1731	7.740936
1732	8.063243
1733	8.236540
1734	8.336127
1735	8.552296
1736	8.460202
1737	8.467551
1738	8.353148
1739	8.415180
1740	8.513013
1741	8.599522
1742	8.771106
1743	8.695519
1744	8.404782
1745	8.203202
1746	8.142745
1747	8.247617
1748	8.285357
1749	7.904591
1750	7.891634
1751	7.759899
1752	7.536813
1753	7.294633
1754	7.088703
1755	6.946589
1756	6.705037
1757	6.642056
1758	6.672244
1759	6.692454
1760	6.902800
1761	6.793566
1762	6.554875
1763	6.485097
1764	6.137744
1765	5.632548
1766	5.492589
1767	5.640045
1768	5.536991
1769	5.760986
1770	5.813218
1771	5.801466
1772	6.070700
1773	6.234822
1774	6.009140
1775	5.942460
1776	6.078293
1777	6.289523
1778	6.247064
1779	5.949418
1780	6.088902
1781	6.077351
1782	6.139642
1783	6.008063
1784	5.932985
1785	5.806552
1786	5.724867
1787	5.639620
1788	5.902687
1789	5.831203
1790	5.656559
1791	5.789879
1792	6.081682
1793	6.134112
1794	6.418322
1795	6.547397
1796	6.552622
1797	6.466810
1798	6.231967
1799	5.975066
1800	5.903444
1801	5.831624
1802	5.917485
1803	6.301207
1804	6.480175
1805	6.312305
1806	6.101430
1807	5.917507
1808	5.901196
1809	5.682074
1810	5.648392
1811	5.828796
1812	5.934379
1813	5.840734
1814	5.803603
1815	5.770613
1816	5.605700
1817	5.541785
1818	5.685955
1819	5.511944
1820	5.589962
1821	5.708683
1822	5.638174
1823	5.637599
1824	5.587415
1825	5.617226
1826	5.561595
1827	5.698274
1828	5.913480
1829	6.061400
1830	5.985464
1831	5.855165
1832	5.621819
1833	5.544022
1834	5.564370
1835	5.715949
1836	5.918025
1837	6.031318
1838	6.134637
1839	6.223068
1840	6.051686
1841	5.975496
1842	5.774994
1843	5.551036
1844	5.648727
1845	5.847360
1846	5.967711
1847	6.239029
1848	6.195589
1849	6.195623
1850	6.286751
1851	6.272110
1852	6.034848
1853	6.054776
1854	6.474241
1855	6.274127
1856	6.088151
1857	5.999677
1858	5.887260
1859	5.966958
1860	5.992263
1861	5.832201
1862	5.882293
1863	6.100386
1864	6.283675
1865	6.358568
1866	6.345869
1867	6.347312
1868	6.538416
1869	6.670182
1870	6.668447
1871	6.523120
1872	6.480480
1873	6.387262
1874	6.278886
1875	6.278218
1876	6.683361
1877	6.834906
1878	6.811845
1879	6.711642
1880	6.709296
1881	6.547652
1882	6.652730
1883	6.758903
1884	6.977489
1885	6.714623
1886	6.424434
1887	6.293078
1888	6.302539
1889	6.334351
1890	6.607121
1891	6.574208
1892	6.553696
1893	6.460467
1894	6.397725
1895	6.135727
1896	6.289543
1897	6.397470
1898	6.162360
1899	6.089216
1900	6.078129
1901	6.018371
1902	5.746552
1903	5.920526
1904	6.297793
1905	6.559386
1906	6.400959
1907	6.196199
1908	6.292142
1909	6.300558
1910	6.174584
1911	6.187980
1912	6.343383
1913	6.568701
1914	6.519259
1915	6.422866
1916	6.188316
1917	6.190225
1918	6.362695
1919	6.439609
1920	6.413838
1921	6.554004
1922	6.450727
1923	6.402594
1924	6.570893
1925	6.583108
1926	6.531187
1927	6.396166
1928	6.291297
1929	6.339406
1930	6.314286
1931	6.531544
1932	6.623431
1933	6.435126
1934	6.527396
1935	6.769750
1936	6.833828
1937	6.925776
1938	6.996006
1939	6.915529
1940	6.652326
1941	6.625065
1942	6.665749
1943	6.827029
1944	6.888132
1945	6.706131
1946	6.732797
1947	6.983416
1948	6.858193
1949	6.675010
1950	6.674682
1951	6.979248
1952	7.214668
1953	7.166433
1954	6.784448
1955	6.913940
1956	6.945858
1957	7.010321
1958	6.968914
1959	6.977046
1960	7.016001
1961	6.987726
1962	6.968884
1963	6.911449
1964	6.865982
1965	6.692744
1966	6.573079
1967	6.741042
1968	6.785304
1969	6.737113
1970	6.601523
1971	6.591635
1972	6.737120
1973	6.665622
1974	6.645397
1975	6.983520
1976	6.864701
1977	6.764378
1978	6.677153
1979	6.740777
1980	6.888403
1981	6.770320
1982	6.748189
1983	6.706511
1984	6.745197
1985	6.904067
1986	6.551365
1987	6.139009
1988	6.316663
1989	6.389829
1990	6.380573
1991	6.409498
1992	6.620426
1993	6.833876
1994	7.031740
1995	6.866162
1996	6.756018
1997	6.839056
1998	6.995862
1999	6.942042
2000	7.037118
2001	6.999950
2002	7.043034
2003	6.968001
2004	7.095043
2005	7.076370
2006	7.063886
2007	7.010596
2008	7.385271
2009	7.456284
2010	7.046820
2011	6.852896
2012	6.702351
2013	6.781858
2014	6.684813
2015	6.639991
2016	6.458714
2017	6.267879
2018	6.278538
2019	6.204269
2020	6.769298
2021	6.652850
2022	6.398076
2023	6.802451
2024	6.868065
2025	6.856906
2026	6.842373
2027	6.835876
2028	6.833701
2029	6.742286
2030	6.663085
2031	6.788035
2032	7.389626
2033	7.344833
2034	7.108099
2035	7.055737
2036	6.841018
2037	6.614887
2038	6.870529
2039	6.791375
2040	6.888837
2041	7.456223
2042	7.165627
2043	7.067484
2044	7.069828
2045	7.052104
2046	7.098082
2047	7.026177
2048	6.976760
2049	7.098091
2050	6.999263
2051	7.131089
2052	7.478939
2053	7.670398
2054	7.686759
2055	7.430776
2056	7.160642
2057	7.106474
2058	7.187919
2059	7.160826
2060	7.354368
2061	7.108763
2062	7.174285
2063	7.436645
2064	7.519233
2065	7.652893
2066	7.862051
2067	7.898967
2068	7.740788
2069	7.801318
2070	7.856797
2071	7.964537
2072	8.022528
2073	8.091831
2074	7.866568
2075	7.655413
2076	7.540622
2077	7.461935
2078	7.444012
2079	7.699544
2080	7.681259
2081	7.650438
2082	7.706410
2083	7.875505
2084	7.812677
2085	7.892811
2086	7.692710
2087	7.493753
2088	7.438891
2089	7.309348
2090	6.971125
2091	7.124363
2092	7.341108
2093	7.668606
2094	7.827548
2095	7.849459
2096	7.448961
2097	7.383177
2098	7.636924
2099	7.856332
2100	7.969039
2101	8.078108
2102	7.960735
2103	7.794074
2104	7.527254
2105	7.621211
2106	7.880859
2107	7.698475
2108	7.412425
2109	7.378694
2110	7.333016
2111	7.272579
2112	7.124798
2113	7.450172
2114	7.681507
2115	7.456596
2116	7.109228
2117	7.164640
2118	7.396285
2119	7.305673
2120	7.178088
2121	7.028886
2122	7.154893
2123	7.271337
2124	7.248195
2125	6.976073
2126	6.634892
2127	6.698081
2128	6.970969
2129	7.051896
2130	7.052188
2131	6.920618
2132	6.921014
2133	7.094332
2134	7.171358
2135	7.266458
2136	7.433308
2137	7.318348
2138	7.195985
2139	7.535532
2140	7.616010
2141	7.486947
2142	7.508938
2143	7.343984
2144	7.323387
2145	7.416422
2146	7.459054
2147	7.529844
2148	7.350615
2149	7.193337
2150	7.216386
2151	7.195677
2152	7.284398
2153	7.430212
2154	7.444605
2155	7.438488
2156	7.494848
2157	7.547854
2158	7.587183
2159	7.692799
2160	7.496286
2161	7.437019
2162	7.699221
2163	7.803337
2164	7.781247
2165	8.008595
2166	7.924494
2167	7.744716
2168	7.696690
2169	7.828411
2170	7.951284
2171	7.990916
2172	7.939908
2173	7.764815
2174	7.636750
2175	7.685735
2176	7.652658
2177	7.641135
2178	7.613773
2179	7.545602
2180	7.508221
2181	7.530504
2182	7.794147
2183	8.013844
2184	8.138885
2185	8.234938
2186	8.297246
2187	8.305648
2188	8.157014
2189	8.297973
2190	8.312605
2191	8.060772
2192	7.805154
2193	7.728320
2194	7.851870
2195	7.947789
2196	8.103621
2197	8.244095
2198	8.301674
2199	8.350759
2200	8.179174
2201	7.998940
2202	7.962489
2203	7.977432
2204	8.002235
2205	7.974613
2206	7.971641
2207	8.243281
2208	8.388565
2209	8.400727
2210	8.357197
2211	8.421191
2212	8.553979
2213	9.065284
2214	9.365233
2215	9.193298
2216	8.790756
2217	8.692585
2218	8.659284
2219	8.679166
2220	8.697418
2221	8.786400
2222	8.785642
2223	8.836837
2224	8.818529
2225	8.981843
2226	9.015655
2227	8.850500
2228	8.793565
2229	9.005241
2230	9.141445
2231	8.922372
2232	8.439483
2233	8.508722
2234	8.698121
2235	8.680758
2236	8.697405
2237	8.878307
2238	8.974082
2239	8.865940
2240	8.787844
2241	8.808990
2242	8.643617
2243	8.489088
2244	8.558209
2245	8.698872
2246	8.797321
2247	8.925061
2248	9.145807
2249	9.509296
2250	9.755807
2251	9.662796
2252	9.482174
2253	9.382545
2254	9.569939
2255	9.515316
2256	9.236931
2257	8.764849
2258	8.465292
2259	8.472902
2260	8.457373
2261	8.403679
2262	8.478642
2263	8.548937
2264	8.651093
2265	8.655094
2266	8.587843
2267	8.366077
2268	8.332416
2269	8.427264
2270	8.646990
2271	8.607636
2272	8.382396
2273	8.179971
2274	7.988773
2275	8.008838
2276	8.303905
2277	8.217916
2278	8.088749
2279	8.132045
2280	8.053903
2281	7.944694
2282	8.052409
2283	8.239489
2284	8.442241
2285	8.601948
2286	8.473922
2287	8.272530
2288	8.207558
2289	8.091587
2290	8.010219
2291	8.128725
2292	8.297259
2293	8.338626
2294	8.418587
2295	8.533849
2296	8.646238
2297	8.674672
2298	8.833611
2299	8.672994
2300	8.734847
2301	8.488773
2302	8.000881
2303	7.940560
2304	8.030581
2305	8.483066
2306	8.564888
2307	8.446477
2308	8.518353
2309	8.782329
2310	8.880787
2311	8.978155
2312	9.000585
2313	8.850346
2314	8.721011
2315	8.707869
2316	9.108878
2317	9.031565
2318	8.756682
2319	8.717713
2320	8.613073
2321	8.502194
2322	8.665009
2323	8.594114
2324	8.206276
2325	8.231868
2326	8.754695
2327	8.825326
2328	8.575715
2329	8.366859
2330	8.077873
2331	7.942330
2332	7.968496
2333	7.970460
2334	8.247980
2335	8.526030
2336	8.463887
2337	8.118030
2338	7.934307
2339	8.038209
2340	8.228221
2341	8.563804
2342	8.790880
2343	8.644666
2344	8.375969
2345	8.059530
2346	8.058880
2347	8.302969
2348	8.322932
2349	8.235828
2350	8.243876
2351	8.581959
2352	8.694940
2353	8.506395
2354	8.303678
2355	8.467593
2356	8.251672
2357	8.476432
2358	8.491888
2359	8.265670
2360	8.061700
2361	8.206513
2362	8.422226
2363	8.387581
2364	8.364212
2365	8.504670
2366	8.430905
2367	8.309518
2368	8.168267
2369	8.312687
2370	8.621862
2371	8.774470
2372	8.720540
2373	8.882143
2374	9.111743
2375	8.517763
2376	7.867114
2377	7.717567
2378	8.136119
2379	8.244995
2380	8.033580
2381	7.945272
2382	8.289951
2383	8.604432
2384	8.320477
2385	8.088546
2386	8.010537
2387	7.966979
2388	7.918602
2389	8.040326
2390	8.051733
2391	7.990049
2392	8.166124
2393	7.900616
2394	7.774369
2395	7.982211
2396	8.163301
2397	8.219484
2398	7.816781
2399	7.362796
2400	7.322091
2401	7.433407
2402	7.615312
2403	7.972788
2404	8.262089
2405	8.118396
2406	7.883391
2407	7.894230
2408	7.900690
2409	8.055752
2410	8.298779
2411	8.357944
2412	7.928180
2413	7.668612
2414	7.627655
2415	7.652323
2416	7.674466
2417	7.712694
2418	7.979640
2419	8.257745
2420	8.556729
2421	8.436488
2422	8.453692
2423	8.370688
2424	7.857359
2425	7.662312
2426	8.008567
2427	8.240438
2428	7.890309
2429	7.826761
2430	8.297279
2431	8.612792
2432	8.629802
2433	8.576398
2434	8.454539
2435	8.689299
2436	9.156766
2437	8.867107
2438	8.306715
2439	8.005666
2440	8.117321
2441	8.465262
2442	8.545581
2443	8.588347
2444	8.656096
2445	8.616936
2446	8.720939
2447	8.608327
2448	8.580276
2449	8.437648
2450	8.440353
2451	8.411153
2452	8.179833
2453	8.087720
2454	8.058335
2455	8.145248
2456	7.995323
2457	8.060436
2458	8.001733
2459	7.907604
2460	7.998602
2461	8.274073
2462	8.290206
2463	8.559926
2464	8.257000
2465	8.054935
2466	7.938651
2467	8.097425
2468	8.318411
2469	8.329728
2470	8.239514
2471	8.235643
2472	8.262017
2473	8.441447
2474	8.299875
2475	7.956361
2476	7.786214
2477	7.724252
2478	7.976991
2479	8.238927
2480	8.253614
2481	8.247947
2482	8.443769
2483	8.492060
2484	8.594799
2485	8.522321
2486	8.376244
2487	8.584230
2488	8.849270
2489	9.008282
2490	9.277761
2491	9.398359
2492	9.340582
2493	9.389503
2494	9.201286
2495	8.868802
2496	8.972805
2497	9.240958
2498	9.228775
2499	8.866735
2500	8.736794
2501	8.582612
2502	8.696926
2503	8.850770
2504	9.271646
2505	9.398717
2506	9.598242
2507	9.689728
2508	9.466308
2509	9.116038
2510	9.074526
2511	8.981513
2512	8.871250
2513	8.825356
2514	8.787992
2515	8.664129
2516	8.841469
2517	8.808976
2518	8.736227
2519	8.897154
2520	8.947091
2521	8.630302
2522	8.341316
2523	8.281918
2524	8.339820
2525	8.123414
2526	7.732984
2527	7.786840
2528	7.978454
2529	7.913486
2530	7.892641
2531	8.092812
2532	7.871125
2533	7.578388
2534	7.465275
2535	7.399272
2536	7.776788
2537	7.993068
2538	8.008544
2539	8.136158
2540	8.201377
2541	8.223925
2542	8.021108
2543	7.746057
2544	8.001352
2545	8.324317
2546	8.116754
2547	7.935625
2548	8.136744
2549	8.582149
2550	8.696137
2551	8.516977
2552	8.185588
2553	8.167381
2554	8.062537
2555	7.868299
2556	8.041011
2557	8.064533
2558	7.897311
2559	7.626306
2560	7.618203
