0	1.462214
1	1.011918
2	0.981032
3	0.984316
4	0.995011
5	0.960802
6	0.984471
7	1.009023
8	0.977034
9	0.990215
10	0.955238
11	0.965043
12	0.946799
13	0.972496
14	1.004192
15	0.969742
16	0.970072
17	0.976527
18	1.002122
19	0.953215
20	0.958524
21	1.000237
22	0.952270
23	0.988917
24	1.004893
25	0.969745
26	1.008951
27	1.018960
28	1.004384
29	0.970243
30	0.988895
31	0.992036
32	0.992741
33	0.976222
34	1.009959
35	0.958724
36	0.975354
37	0.976053
38	1.009473
39	0.980338
40	0.979769
41	0.918954
42	0.998077
43	0.949712
44	0.963920
45	1.005448
46	0.955247
47	0.948435
48	0.996814
49	0.983647
50	0.979921
51	0.973048
52	1.029512
53	0.962472
54	0.949813
55	1.000102
56	0.936499
57	1.016579
58	0.980049
59	1.013908
60	0.925962
61	1.032325
62	0.965705
63	0.978664
64	0.963972
65	1.022298
66	0.955962
67	0.983509
68	0.996763
69	0.942141
70	0.966337
71	0.984637
72	0.990143
73	0.944062
74	0.992116
75	0.978790
76	0.974638
77	1.017901
78	1.006259
79	0.953447
80	0.972904
81	1.006523
82	0.974685
83	0.983108
84	1.004869
85	0.982461
86	0.961212
87	1.025216
88	0.980836
89	0.964990
90	1.021631
91	1.019104
92	0.965216
93	1.018942
94	1.038097
95	0.968623
96	0.987298
97	0.987050
98	0.990808
99	0.961655
100	0.961924
101	0.982507
102	0.965244
103	0.962621
104	0.981326
105	0.978752
106	1.006480
107	0.972047
108	0.975265
109	0.987337
110	1.019958
111	0.963652
112	0.995205
113	0.974340
114	0.986950
115	0.983681
116	0.965084
117	1.002645
118	0.980068
119	1.007639
120	0.941782
121	0.965375
122	0.989687
123	1.015363
124	0.919127
125	0.979112
126	1.010060
127	0.958057
128	0.972024
129	0.991951
130	0.954879
131	0.974354
132	0.986178
133	0.954207
134	0.967790
135	0.993549
136	0.957424
137	0.994532
138	0.983249
139	0.965995
140	0.975700
141	0.979978
142	0.942286
143	0.995024
144	1.026654
145	0.945067
146	1.034737
147	0.959839
148	0.967655
149	0.985008
150	0.969670
151	0.993563
152	0.980196
153	0.975711
154	0.951667
155	0.965459
156	0.983267
157	0.978132
158	0.977771
159	0.952306
160	0.998130
161	0.948124
162	0.983935
163	1.010230
164	0.977647
165	0.964097
166	0.953883
167	0.957079
168	0.978689
169	0.979795
170	1.003937
171	0.962131
172	1.004084
173	0.985144
174	0.952236
175	0.970753
176	1.002140
177	0.938141
178	1.008338
179	0.936426
180	0.979500
181	0.978111
182	1.035710
183	0.937274
184	0.981622
185	1.001209
186	0.938264
187	0.968628
188	0.991584
189	0.973371
190	0.988757
191	0.982473
192	0.961618
193	0.967012
194	0.991488
195	0.968677
196	0.987415
197	0.966213
198	0.982159
199	0.942653
200	1.010936
201	0.972035
202	1.010634
203	1.002843
204	0.978092
205	0.965489
206	0.989275
207	0.967865
208	0.965895
209	1.007866
210	1.030554
211	0.943858
212	0.961785
213	0.971925
214	0.972671
215	0.938392
216	0.988604
217	1.014652
218	0.933684
219	0.998747
220	1.006375
221	0.951540
222	1.021158
223	0.957179
224	0.977878
225	0.943896
226	1.021133
227	0.959415
228	0.953928
229	0.982575
230	1.014232
231	0.909049
232	0.977104
233	0.965265
234	0.964641
235	0.996930
236	0.974200
237	0.944278
238	0.989654
239	1.024161
240	0.980940
241	0.962989
242	1.023553
243	0.960799
244	0.977549
245	1.014702
246	1.004433
247	0.964353
248	0.975017
249	0.976716
250	0.964389
251	0.972052
252	0.975919
253	0.980573
254	1.006005
255	0.972987
256	0.989623
257	1.015620
258	0.974811
259	0.960418
260	0.965360
261	0.997889
262	0.969398
263	1.004365
264	1.016400
265	0.951019
266	1.023912
267	1.005463
268	0.971146
269	1.003428
270	0.979102
271	0.970679
272	0.977983
273	0.983452
274	0.974092
275	0.962631
276	0.987921
277	0.942404
278	0.950409
279	0.950496
280	1.021971
281	0.960070
282	0.990074
283	0.995558
284	1.007931
285	0.960079
286	1.000800
287	0.989429
288	0.952895
289	0.986071
290	1.014556
291	0.961273
292	0.948265
293	0.991689
294	0.962547
295	0.972329
296	0.973116
297	1.029850
298	0.939966
299	0.971405
300	1.029923
301	0.996013
302	0.952611
303	0.994862
304	0.961973
305	0.974126
306	1.023139
307	0.963584
308	0.995542
309	1.015001
310	0.947530
311	1.003434
312	1.018152
313	0.921132
314	0.989557
315	0.965720
316	0.941172
317	0.997291
318	1.027819
319	0.934883
320	1.008170
321	0.982053
322	0.965082
323	0.976523
324	0.988873
325	0.995347
326	0.971062
327	1.017865
328	0.978591
329	0.997700
330	0.958693
331	0.960931
332	1.028671
333	1.011238
334	0.931513
335	0.995288
336	1.026355
337	0.942086
338	0.951463
339	0.989864
340	0.973296
341	0.947964
342	0.963920
343	0.957499
344	0.956214
345	1.011964
346	1.002358
347	0.939815
348	0.974768
349	0.998289
350	1.014836
351	0.939479
352	1.017589
353	1.037161
354	0.934342
355	0.957305
356	1.033155
357	0.995911
358	0.941055
359	0.974944
360	1.009697
361	0.952184
362	0.988050
363	0.990528
364	0.974554
365	0.935480
366	0.984788
367	1.009137
368	0.947136
369	0.959625
370	0.989535
371	0.984379
372	0.953242
373	0.980762
374	1.023251
375	0.966281
376	0.944836
377	1.011559
378	0.976631
379	0.995151
380	0.998427
381	1.021713
382	0.967613
383	1.002609
384	0.980354
385	0.968852
386	1.038690
387	1.010314
388	0.938067
389	0.975839
390	1.061284
391	0.935410
392	0.934421
393	1.027113
394	0.972060
395	0.933260
396	1.006441
397	0.986108
398	0.944771
399	1.011008
400	0.980146
401	0.942760
402	0.992450
403	1.051367
404	0.920897
405	0.981348
406	0.992198
407	0.997673
408	0.928550
409	1.003717
410	0.997862
411	0.935679
412	0.947075
413	0.970941
414	1.010874
415	0.973967
416	0.957879
417	0.993706
418	0.999677
419	0.962181
420	0.980749
421	1.043675
422	0.946484
423	0.961968
424	0.989634
425	1.012695
426	0.966451
427	0.979940
428	0.999866
429	0.973189
430	1.007793
431	0.954344
432	0.996468
433	0.994684
434	0.985358
435	0.968931
436	0.972203
437	0.982971
438	1.001802
439	0.937751
440	0.930215
441	1.001771
442	1.040887
443	0.949493
444	0.966130
445	0.997919
446	1.023002
447	0.947628
448	1.017410
449	1.037860
450	0.952191
451	0.969552
452	0.998610
453	0.990496
454	0.950360
455	0.983195
456	1.041419
457	0.963846
458	0.964582
459	1.030395
460	0.956017
461	0.972003
462	0.991507
463	0.986892
464	0.995315
465	0.978305
466	0.966761
467	0.994311
468	1.038804
469	0.948341
470	0.966829
471	1.060897
472	0.972071
473	0.967170
474	0.996347
475	0.976787
476	0.974965
477	1.006502
478	0.982717
479	0.977164
480	0.941804
481	1.050626
482	0.943708
483	0.978901
484	0.996887
485	0.993648
486	0.972054
487	0.996263
488	0.950939
489	0.952206
490	0.999965
491	1.006664
492	0.942071
493	0.943713
494	0.995208
495	0.998683
496	0.953525
497	0.962270
498	0.987046
499	0.957083
500	0.999451
501	0.966269
502	0.957850
503	0.947996
504	0.992326
505	0.991069
506	0.974949
507	0.945043
508	0.964935
509	0.988911
510	0.974155
511	0.925115
512	1.022528
513	0.937427
514	1.021408
515	0.945030
516	0.984228
517	0.944143
518	0.989145
519	0.956708
520	0.962049
521	0.910526
522	0.897583
523	0.916355
524	0.886065
525	0.852734
526	0.870782
527	0.850516
528	0.847918
529	0.829466
530	0.840965
531	0.853788
532	0.859379
533	0.868313
534	0.894654
535	0.904846
536	0.910970
537	0.906178
538	0.899122
539	0.923651
540	0.892842
541	0.898936
542	0.871804
543	0.895904
544	0.887609
545	0.869415
546	0.842248
547	0.846294
548	0.843414
549	0.844426
550	0.853042
551	0.878266
552	0.904100
553	0.908821
554	0.941276
555	0.935303
556	0.921470
557	0.910485
558	0.906651
559	0.902575
560	0.912724
561	0.870586
562	0.876388
563	0.886134
564	0.879643
565	0.877771
566	0.899984
567	0.902064
568	0.871112
569	0.890049
570	0.863586
571	0.871373
572	0.871541
573	0.891453
574	0.894469
575	0.890830
576	0.920826
577	0.881784
578	0.864929
579	0.864675
580	0.867112
581	0.863240
582	0.860490
583	0.881144
584	0.881820
585	0.892036
586	0.906955
587	0.899595
588	0.880538
589	0.870003
590	0.885913
591	0.868004
592	0.870715
593	0.842052
594	0.895245
595	0.855117
596	0.858416
597	0.893342
598	0.892175
599	0.880732
600	0.918053
601	0.938941
602	0.925448
603	0.942977
604	0.953196
605	0.924804
606	0.942557
607	0.930389
608	0.947353
609	0.914321
610	0.979703
611	0.948036
612	0.942699
613	0.922536
614	0.910214
615	0.916674
616	0.922890
617	0.960053
618	0.954380
619	0.946679
620	0.928364
621	0.947802
622	0.946266
623	0.904724
624	0.910470
625	0.926841
626	0.922394
627	0.918175
628	0.924651
629	0.938641
630	0.894010
631	0.880679
632	0.899592
633	0.864692
634	0.883329
635	0.902523
636	0.939430
637	0.943858
638	0.896190
639	0.908736
640	0.864395
641	0.976712
642	0.921984
643	0.897693
644	0.881952
645	0.935709
646	0.969284
647	1.015548
648	0.955467
649	0.884693
650	0.903448
651	0.975406
652	0.973825
653	0.976192
654	0.956991
655	0.904409
656	0.877004
657	0.904853
658	0.987919
659	0.999235
660	0.939310
661	0.901032
662	0.877485
663	0.923854
664	0.968195
665	0.982124
666	0.938671
667	0.910051
668	0.918887
669	0.913484
670	0.952344
671	0.943185
672	0.957482
673	0.928989
674	0.930182
675	0.911750
676	0.966037
677	0.914410
678	0.923350
679	0.898927
680	0.928312
681	0.925513
682	0.938792
683	1.012242
684	0.950035
685	0.902180
686	0.940816
687	1.009126
688	0.994005
689	0.896674
690	0.924052
691	1.010834
692	1.000546
693	0.910442
694	0.937783
695	0.973414
696	1.006071
697	0.965001
698	0.962877
699	0.977211
700	0.993061
701	0.966717
702	0.937742
703	0.937673
704	0.987146
705	0.962753
706	0.912822
707	0.927961
708	1.032835
709	1.026551
710	0.891287
711	0.909657
712	1.043014
713	1.024423
714	0.899931
715	0.934258
716	1.016391
717	1.042680
718	0.913768
719	0.900035
720	1.003685
721	0.935742
722	0.998756
723	1.004444
724	0.965674
725	0.937744
726	1.061378
727	0.939497
728	0.974417
729	1.014169
730	1.000565
731	0.920142
732	1.015944
733	0.980101
734	0.981619
735	0.961449
736	1.006109
737	0.966163
738	0.993067
739	0.998090
740	0.961088
741	0.933847
742	0.965465
743	1.025585
744	0.920019
745	0.960899
746	1.035583
747	0.944231
748	0.989323
749	0.977249
750	0.996343
751	0.951041
752	0.971158
753	0.975556
754	1.009610
755	0.968341
756	0.962064
757	0.990145
758	1.003181
759	1.001497
760	0.973357
761	1.055202
762	0.988774
763	1.018691
764	0.994997
765	0.992652
766	1.045184
767	1.010597
768	1.002576
769	1.005785
770	1.059569
771	0.961529
772	1.042419
773	0.986859
774	1.087887
775	1.008174
776	0.970177
777	1.021910
778	0.979842
779	1.006133
780	1.020385
781	0.987280
782	1.001505
783	0.994191
784	0.967038
785	1.096747
786	0.972784
787	1.019371
788	0.975947
789	1.008918
790	1.025283
791	1.037169
792	1.021949
793	0.994453
794	1.016992
795	1.022942
796	0.994417
797	1.007795
798	0.997384
799	1.026920
800	1.031474
801	1.054510
802	1.080946
803	0.997834
804	1.073268
805	1.023303
806	1.066597
807	1.046465
808	1.038864
809	1.087104
810	1.016958
811	1.148251
812	1.051069
813	1.068747
814	1.118619
815	1.022696
816	1.106096
817	0.991675
818	1.150752
819	1.101427
820	1.050739
821	1.120072
822	1.062571
823	1.096067
824	1.126684
825	0.996911
826	1.039212
827	1.007403
828	1.031615
829	1.033412
830	1.066417
831	1.010464
832	1.092426
833	1.075541
834	1.045059
835	1.061680
836	1.088629
837	1.060329
838	1.051293
839	1.010707
840	1.109548
841	1.096270
842	1.173798
843	1.134274
844	1.091225
845	1.126635
846	1.093191
847	1.098147
848	1.172727
849	1.146291
850	1.191925
851	1.151079
852	1.125547
853	1.109020
854	1.152238
855	1.097693
856	1.183062
857	1.209934
858	1.120587
859	1.094988
860	1.123153
861	1.132837
862	1.178424
863	1.159835
864	1.171360
865	1.166787
866	1.135836
867	1.133714
868	1.168613
869	1.183563
870	1.190356
871	1.170319
872	1.084327
873	1.126988
874	1.130168
875	1.127811
876	1.122310
877	1.118958
878	1.071698
879	1.101402
880	1.118050
881	1.172758
882	1.183783
883	1.273527
884	1.163629
885	1.165981
886	1.238408
887	1.144386
888	1.186589
889	1.173348
890	1.177515
891	1.183467
892	1.208814
893	1.242226
894	1.236839
895	1.157553
896	1.131986
897	1.148524
898	1.181727
899	1.090025
900	1.220115
901	1.189455
902	1.252890
903	1.148945
904	1.159322
905	1.289815
906	1.142115
907	1.243074
908	1.217947
909	1.341978
910	1.166238
911	1.162895
912	1.243009
913	1.165434
914	1.289883
915	1.209433
916	1.181651
917	1.206338
918	1.100783
919	1.151151
920	1.264094
921	1.263851
922	1.244625
923	1.190937
924	1.455017
925	1.349916
926	1.377515
927	1.223760
928	1.202092
929	1.368107
930	1.448040
931	1.203099
932	1.227540
933	1.332709
934	1.328031
935	1.221980
936	1.303431
937	1.360975
938	1.228174
939	1.290082
940	1.152346
941	1.376977
942	1.420106
943	1.208783
944	1.279079
945	1.351370
946	1.269793
947	1.220503
948	1.389583
949	1.294862
950	1.360291
951	1.289518
952	1.261370
953	1.298225
954	1.339318
955	1.292661
956	1.337353
957	1.193426
958	1.216880
959	1.316674
960	1.305781
961	1.387919
962	1.437186
963	1.556650
964	1.536179
965	1.352433
966	1.777199
967	1.460755
968	1.503518
969	1.549380
970	1.426892
971	1.421281
972	1.401435
973	1.580850
974	1.639989
975	1.366381
976	1.432180
977	1.327621
978	1.372460
979	1.524520
980	1.561427
981	1.398896
982	1.267407
983	1.543708
984	1.591755
985	1.505613
986	1.402914
987	1.324698
988	1.456347
989	1.367785
990	1.587508
991	1.567141
992	1.441143
993	1.509868
994	1.412120
995	1.460501
996	1.616187
997	1.437744
998	1.491677
999	1.304860
1000	1.481677
1001	1.686609
1002	1.720167
1003	1.586088
1004	1.503753
1005	1.526841
1006	1.481328
1007	1.605917
1008	1.675930
1009	1.736265
1010	1.523888
1011	1.495956
1012	1.539723
1013	1.791677
1014	1.759724
1015	1.466322
1016	1.501282
1017	1.719760
1018	1.656255
1019	1.566968
1020	1.633569
1021	1.655203
1022	1.728466
1023	1.815550
1024	1.649278
1025	1.579442
1026	1.576749
1027	1.621717
1028	1.853924
1029	1.802606
1030	1.849672
1031	1.434500
1032	1.331626
1033	1.630347
1034	1.663508
1035	1.577799
1036	1.630018
1037	1.646178
1038	1.552595
1039	1.481054
1040	1.626868
1041	1.905036
1042	1.836243
1043	1.863187
1044	1.754190
1045	1.711287
1046	1.728913
1047	1.733734
1048	1.673038
1049	1.692323
1050	1.789744
1051	1.787630
1052	1.583560
1053	1.792618
1054	1.873228
1055	1.745627
1056	1.616234
1057	1.611680
1058	1.747538
1059	1.865472
1060	1.776795
1061	1.506301
1062	1.586776
1063	1.680367
1064	1.575563
1065	1.518968
1066	1.556370
1067	1.663790
1068	1.792487
1069	1.870871
1070	1.815366
1071	1.606068
1072	1.709980
1073	1.897039
1074	1.758022
1075	1.642920
1076	1.829745
1077	1.805699
1078	1.571388
1079	1.509371
1080	1.680259
1081	1.778410
1082	1.862465
1083	1.770713
1084	1.746909
1085	1.842796
1086	1.870355
1087	1.715795
1088	1.643578
1089	1.777314
1090	1.881221
1091	2.003992
1092	1.893312
1093	1.802366
1094	1.795625
1095	1.754917
1096	1.831531
1097	1.878515
1098	1.920332
1099	1.734405
1100	1.719655
1101	2.043544
1102	1.938474
1103	1.777051
1104	1.731568
1105	1.844116
1106	1.943499
1107	1.841401
1108	2.111726
1109	1.856614
1110	1.681460
1111	1.712779
1112	2.083822
1113	2.012741
1114	1.976177
1115	1.843933
1116	1.790549
1117	1.916941
1118	1.749359
1119	2.053300
1120	1.855435
1121	2.041475
1122	1.846681
1123	1.861498
1124	1.920564
1125	1.794473
1126	1.984446
1127	1.861391
1128	1.823838
1129	1.983450
1130	1.971849
1131	1.921342
1132	1.954630
1133	2.006558
1134	1.951938
1135	1.934526
1136	1.836768
1137	1.898703
1138	1.860548
1139	1.970633
1140	1.847333
1141	1.866523
1142	1.773033
1143	1.660231
1144	1.878617
1145	1.859386
1146	1.973377
1147	2.104523
1148	1.863999
1149	1.890116
1150	1.934400
1151	1.910160
1152	1.765767
1153	1.805296
1154	1.883763
1155	1.769373
1156	1.734861
1157	1.909498
1158	2.026490
1159	1.874156
1160	2.067109
1161	1.970893
1162	2.058739
1163	1.973953
1164	2.004618
1165	2.016241
1166	2.024584
1167	2.041173
1168	2.054123
1169	1.989634
1170	2.005634
1171	1.999281
1172	2.135293
1173	1.965008
1174	1.814191
1175	1.998400
1176	1.871227
1177	2.008550
1178	1.944916
1179	1.929992
1180	1.909443
1181	2.159458
1182	2.181295
1183	2.131867
1184	1.881275
1185	1.942159
1186	2.179778
1187	2.148650
1188	2.079813
1189	2.054016
1190	1.962731
1191	1.920341
1192	2.057846
1193	1.979999
1194	1.907672
1195	2.036058
1196	1.996293
1197	1.860820
1198	1.859479
1199	1.993179
1200	2.141100
1201	1.938330
1202	1.940071
1203	2.011833
1204	1.995729
1205	2.056427
1206	1.975173
1207	2.145173
1208	2.077655
1209	1.960369
1210	1.997802
1211	2.034334
1212	2.050198
1213	2.028325
1214	2.019801
1215	2.024826
1216	2.153998
1217	1.864027
1218	2.014592
1219	2.014941
1220	2.023570
1221	2.117491
1222	1.850921
1223	1.999416
1224	2.039119
1225	1.990650
1226	2.220506
1227	2.075089
1228	1.997655
1229	1.927781
1230	2.031599
1231	2.076388
1232	1.912709
1233	2.095411
1234	2.116653
1235	2.098948
1236	1.993905
1237	1.793485
1238	2.005932
1239	2.065406
1240	2.066366
1241	2.155637
1242	2.073998
1243	1.985305
1244	2.194419
1245	1.951120
1246	1.829005
1247	2.066712
1248	2.086365
1249	2.009829
1250	2.075315
1251	2.110416
1252	1.802030
1253	2.042693
1254	1.910987
1255	2.218836
1256	1.922208
1257	2.064356
1258	2.114009
1259	1.996763
1260	1.938427
1261	2.071817
1262	2.094274
1263	2.017461
1264	1.851523
1265	1.955168
1266	2.009556
1267	2.049423
1268	1.918954
1269	1.955789
1270	2.024067
1271	2.010699
1272	1.965486
1273	2.140228
1274	1.903857
1275	1.944458
1276	1.997422
1277	1.992128
1278	1.915178
1279	1.946773
1280	2.058533
1281	2.041030
1282	1.992303
1283	2.052536
1284	2.089567
1285	2.089586
1286	2.065533
1287	2.048344
1288	1.903937
1289	2.015636
1290	2.047989
1291	1.851040
1292	2.066962
1293	2.203479
1294	2.092792
1295	1.776120
1296	2.013963
1297	2.285300
1298	1.902860
1299	1.929840
1300	2.168179
1301	2.058092
1302	1.884526
1303	2.025295
1304	2.037485
1305	2.141722
1306	2.188757
1307	2.030113
1308	1.890329
1309	1.980620
1310	2.093513
1311	2.186004
1312	2.074836
1313	2.049356
1314	2.126607
1315	2.043157
1316	2.090472
1317	2.147118
1318	2.113694
1319	2.140141
1320	2.115005
1321	2.120813
1322	2.060415
1323	2.158315
1324	2.117288
1325	2.135764
1326	2.247028
1327	2.143436
1328	2.048664
1329	2.108852
1330	2.064026
1331	1.929203
1332	2.028269
1333	2.185639
1334	2.348222
1335	2.078104
1336	2.011827
1337	2.185817
1338	2.277417
1339	2.066688
1340	2.098915
1341	2.193840
1342	2.033822
1343	2.156275
1344	2.142755
1345	1.961230
1346	2.108706
1347	2.102974
1348	1.996349
1349	2.103070
1350	2.094433
1351	2.121493
1352	1.940063
1353	2.202549
1354	2.329258
1355	2.084545
1356	2.146826
1357	2.027578
1358	2.038633
1359	2.211614
1360	2.099889
1361	2.144892
1362	2.143281
1363	2.134508
1364	2.204259
1365	2.113524
1366	2.066158
1367	2.243093
1368	2.191300
1369	2.143499
1370	2.172372
1371	2.241358
1372	2.065214
1373	2.246251
1374	2.310491
1375	2.077032
1376	2.099844
1377	2.043705
1378	2.283992
1379	2.030538
1380	2.142122
1381	2.268433
1382	2.057059
1383	2.069822
1384	2.150266
1385	2.203418
1386	2.027468
1387	2.259441
1388	2.163275
1389	2.056505
1390	2.189425
1391	2.061421
1392	2.148538
1393	2.017244
1394	2.100211
1395	2.170327
1396	2.075631
1397	2.220977
1398	2.068508
1399	2.063887
1400	2.063895
1401	2.026531
1402	2.166963
1403	2.079779
1404	2.241250
1405	2.111369
1406	2.039351
1407	2.003803
1408	2.249790
1409	2.018271
1410	2.117427
1411	2.207784
1412	2.088444
1413	2.179461
1414	2.059883
1415	2.113997
1416	2.071455
1417	2.291874
1418	2.213835
1419	2.208373
1420	2.175380
1421	2.182305
1422	2.125020
1423	2.241221
1424	2.182973
1425	2.189267
1426	2.212466
1427	2.216630
1428	2.198754
1429	2.266742
1430	2.245335
1431	2.073162
1432	2.201256
1433	2.218518
1434	2.042073
1435	2.088954
1436	2.151856
1437	2.173399
1438	2.160354
1439	2.036105
1440	2.219155
1441	2.164017
1442	2.106340
1443	2.321136
1444	2.171878
1445	2.274732
1446	2.097798
1447	2.247892
1448	2.326943
1449	2.138338
1450	2.134801
1451	2.249893
1452	2.164372
1453	2.208014
1454	2.163751
1455	2.238388
1456	2.150566
1457	2.222647
1458	2.189020
1459	2.227850
1460	2.292850
1461	2.097926
1462	2.093466
1463	2.165903
1464	2.124123
1465	2.046198
1466	2.207066
1467	2.126805
1468	2.282630
1469	2.156295
1470	2.244040
1471	2.178335
1472	2.359943
1473	2.165553
1474	2.247926
1475	2.173730
1476	2.308678
1477	2.140810
1478	2.153358
1479	2.096706
1480	2.162576
1481	2.216948
1482	2.224196
1483	2.217623
1484	2.313400
1485	2.251364
1486	1.970087
1487	2.177352
1488	2.294958
1489	2.181360
1490	2.203370
1491	2.225522
1492	2.206196
1493	2.196047
1494	2.085970
1495	2.243417
1496	2.160690
1497	2.156966
1498	2.116062
1499	2.231567
1500	2.237432
1501	2.095123
1502	2.261836
1503	2.130453
1504	2.090206
1505	2.205492
1506	2.144160
1507	2.263422
1508	2.172874
1509	2.104721
1510	2.263478
1511	2.138074
1512	2.221263
1513	2.248250
1514	2.132787
1515	2.256763
1516	2.142451
1517	2.146364
1518	2.060579
1519	2.209167
1520	2.282138
1521	2.198799
1522	2.248893
1523	2.205453
1524	2.134119
1525	2.103588
1526	2.164334
1527	2.173095
1528	2.398799
1529	2.166373
1530	2.169401
1531	2.248960
1532	2.112016
1533	2.219822
1534	2.222669
1535	2.296256
1536	2.238380
1537	2.202275
1538	2.223617
1539	2.076958
1540	2.233471
1541	2.351695
1542	2.187969
1543	2.213304
1544	2.361785
1545	2.105690
1546	2.315297
1547	2.340624
1548	2.065516
1549	2.224190
1550	2.168897
1551	2.255084
1552	2.194026
1553	2.259855
1554	2.138519
1555	2.138969
1556	2.406851
1557	2.151086
1558	2.093589
1559	2.134949
1560	2.283640
1561	2.239463
1562	2.136749
1563	2.266397
1564	2.236807
1565	2.291737
1566	2.254335
1567	2.109977
1568	2.166216
1569	2.173397
1570	2.298099
1571	2.116345
1572	2.310459
1573	2.139712
1574	2.272505
1575	2.276727
1576	2.273589
1577	2.220150
1578	2.201947
1579	2.210266
1580	2.248133
1581	2.262893
1582	2.153180
1583	2.245443
1584	2.409862
1585	2.221368
1586	2.326463
1587	2.316103
1588	2.214820
1589	2.228173
1590	2.301533
1591	2.381728
1592	2.129904
1593	2.371927
1594	2.265567
1595	2.166318
1596	2.144480
1597	2.348516
1598	2.289404
1599	2.227988
1600	2.252119
1601	2.167157
1602	2.126642
1603	2.306160
1604	2.253171
1605	2.186245
1606	2.233910
1607	2.363084
1608	2.251636
1609	2.257048
1610	2.307013
1611	2.088655
1612	2.253548
1613	2.306812
1614	2.157078
1615	2.175339
1616	2.303243
1617	2.274749
1618	2.146492
1619	2.177483
1620	2.246855
1621	2.195548
1622	2.354983
1623	2.365339
1624	2.061993
1625	2.293521
1626	2.340239
1627	2.191420
1628	2.221501
1629	2.271517
1630	2.287314
1631	2.304010
1632	2.177517
1633	2.194554
1634	2.344749
1635	2.149030
1636	2.232358
1637	2.279894
1638	2.201793
1639	2.277092
1640	2.237565
1641	2.394808
1642	2.309402
1643	2.295924
1644	2.231445
1645	2.212578
1646	2.336057
1647	2.275747
1648	2.248796
1649	2.375581
1650	2.375893
1651	2.167808
1652	2.339369
1653	2.345234
1654	2.188547
1655	2.371138
1656	2.233970
1657	2.264328
1658	2.269305
1659	2.298340
1660	2.212523
1661	2.275191
1662	2.333343
1663	2.246409
1664	2.343938
1665	2.281913
1666	2.185108
1667	2.353915
1668	2.197266
1669	2.245769
1670	2.326631
1671	2.188369
1672	2.396713
1673	2.289206
1674	2.258436
1675	2.208630
1676	2.332976
1677	2.280139
1678	2.330304
1679	2.410883
1680	2.098267
1681	2.306391
1682	2.194272
1683	2.167439
1684	2.323766
1685	2.277854
1686	2.360856
1687	2.300201
1688	2.342053
1689	2.349436
1690	2.250740
1691	2.289592
1692	2.263024
1693	2.169131
1694	2.248418
1695	2.216048
1696	2.243126
1697	2.183128
1698	2.288643
1699	2.359689
1700	2.126947
1701	2.311221
1702	2.238963
1703	2.099534
1704	2.307144
1705	2.235904
1706	2.284261
1707	2.333179
1708	2.226100
1709	2.393531
1710	2.163511
1711	2.334091
1712	2.303642
1713	2.267958
1714	2.267833
1715	2.233205
1716	2.229436
1717	2.319760
1718	2.263949
1719	2.221336
1720	2.322967
1721	2.157745
1722	2.277206
1723	2.298648
1724	2.258857
1725	2.311328
1726	2.207800
1727	2.290931
1728	2.310646
1729	2.262140
1730	2.397700
1731	2.203169
1732	2.311200
1733	2.246454
1734	2.279048
1735	2.265316
1736	2.198023
1737	2.427686
1738	2.171922
1739	2.358778
1740	2.324516
1741	2.243144
1742	2.198347
1743	2.274158
1744	2.233090
1745	2.356065
1746	2.393522
1747	2.192318
1748	2.342163
1749	2.150322
1750	2.350004
1751	2.275664
1752	2.216155
1753	2.376615
1754	2.166277
1755	2.312176
1756	2.264560
1757	2.195567
1758	2.348089
1759	2.275107
1760	2.381139
1761	2.300348
1762	2.288189
1763	2.335180
1764	2.143244
1765	2.419159
1766	2.213558
1767	2.266722
1768	2.351155
1769	2.299328
1770	2.232061
1771	2.362370
1772	2.342819
1773	2.265042
1774	2.387809
1775	2.321756
1776	2.327849
1777	2.225594
1778	2.386426
1779	2.289267
1780	2.212944
1781	2.372581
1782	2.319464
1783	2.267775
1784	2.338639
1785	2.299192
1786	2.293410
1787	2.373008
1788	2.212007
1789	2.244571
1790	2.413657
1791	2.239889
1792	2.336579
1793	2.289686
1794	2.354342
1795	2.255906
1796	2.394056
1797	2.328342
1798	2.163539
1799	2.374434
1800	2.285277
1801	2.347689
1802	2.345000
1803	2.250776
1804	2.277101
1805	2.300728
1806	2.394245
1807	2.309110
1808	2.227772
1809	2.389737
1810	2.387465
1811	2.214971
1812	2.338674
1813	2.288296
1814	2.263430
1815	2.279904
1816	2.375330
1817	2.199333
1818	2.301493
1819	2.318743
1820	2.374334
1821	2.347550
1822	2.282609
1823	2.377447
1824	2.257130
1825	2.369139
1826	2.235454
1827	2.423570
1828	2.162056
1829	2.341616
1830	2.260934
1831	2.238679
1832	2.344352
1833	2.306139
1834	2.370525
1835	2.221013
1836	2.326319
1837	2.221638
1838	2.328382
1839	2.270685
1840	2.229577
1841	2.272837
1842	2.329141
1843	2.322428
1844	2.326730
1845	2.248885
1846	2.321403
1847	2.325049
1848	2.136005
1849	2.361031
1850	2.230215
1851	2.218430
1852	2.421570
1853	2.251087
1854	2.310533
1855	2.303293
1856	2.247690
1857	2.464926
1858	2.257402
1859	2.211139
1860	2.338288
1861	2.229919
1862	2.345169
1863	2.343899
1864	2.251533
1865	2.413542
1866	2.215531
1867	2.178495
1868	2.367265
1869	2.234749
1870	2.337948
1871	2.324216
1872	2.246549
1873	2.328246
1874	2.264555
1875	2.229210
1876	2.370844
1877	2.246288
1878	2.254812
1879	2.376532
1880	2.327170
1881	2.225546
1882	2.393176
1883	2.378473
1884	2.384644
1885	2.241906
1886	2.337291
1887	2.264428
1888	2.353322
1889	2.343772
1890	2.221323
1891	2.543483
1892	2.230726
1893	2.306744
1894	2.402638
1895	2.118929
1896	2.382402
1897	2.261644
1898	2.280945
1899	2.355732
1900	2.228520
1901	2.377914
1902	2.401455
1903	2.402051
1904	2.336803
1905	2.374366
1906	2.169535
1907	2.338705
1908	2.371936
1909	2.224851
1910	2.373138
1911	2.368778
1912	2.366742
1913	2.274655
1914	2.281215
1915	2.347409
1916	2.297293
1917	2.367240
1918	2.256043
1919	2.343549
1920	2.343510
1921	2.300196
1922	2.396681
1923	2.400993
1924	2.351481
1925	2.287056
1926	2.339756
1927	2.308792
1928	2.340994
1929	2.202157
1930	2.303658
1931	2.368360
1932	2.285485
1933	2.330092
1934	2.351107
1935	2.338491
1936	2.300899
1937	2.395273
1938	2.219032
1939	2.265893
1940	2.360589
1941	2.298249
1942	2.387834
1943	2.320843
1944	2.229709
1945	2.342949
1946	2.284238
1947	2.321136
1948	2.283471
1949	2.341671
1950	2.397558
1951	2.258830
1952	2.296169
1953	2.380703
1954	2.294536
1955	2.482093
1956	2.165141
1957	2.401514
1958	2.313946
1959	2.261225
1960	2.398470
1961	2.329888
1962	2.394915
1963	2.266643
1964	2.400689
1965	2.272095
1966	2.297865
1967	2.446439
1968	2.281268
1969	2.349554
1970	2.346855
1971	2.274695
1972	2.408159
1973	2.363100
1974	2.318555
1975	2.386707
1976	2.350427
1977	2.368566
1978	2.336805
1979	2.359704
1980	2.400301
1981	2.280858
1982	2.481794
1983	2.310867
1984	2.242160
1985	2.435141
1986	2.280762
1987	2.379897
1988	2.450564
1989	2.297955
1990	2.337498
1991	2.319597
1992	2.256427
1993	2.345616
1994	2.469815
1995	2.233445
1996	2.337295
1997	2.299273
1998	2.282036
1999	2.491607
2000	2.220354
2001	2.427980
2002	2.392022
2003	2.283777
2004	2.399114
2005	2.234281
2006	2.353168
2007	2.417526
2008	2.289902
2009	2.269151
2010	2.323867
2011	2.453524
2012	2.306594
2013	2.310152
2014	2.315841
2015	2.400623
2016	2.335062
2017	2.279443
2018	2.407742
2019	2.389677
2020	2.287810
2021	2.286290
2022	2.400615
2023	2.261020
2024	2.363849
2025	2.429467
2026	2.275776
2027	2.202413
2028	2.482629
2029	2.250639
2030	2.437924
2031	2.267229
2032	2.287349
2033	2.371559
2034	2.382285
2035	2.414862
2036	2.327974
2037	2.316627
2038	2.321675
2039	2.325249
2040	2.385849
2041	2.391073
2042	2.284022
2043	2.453032
2044	2.346401
2045	2.271453
2046	2.348076
2047	2.395359
2048	2.429498
2049	2.293543
2050	2.371196
2051	2.440509
2052	2.375542
2053	2.285831
2054	2.378227
2055	2.366539
2056	2.374789
2057	2.379911
2058	2.179703
2059	2.301725
2060	2.425148
2061	2.368057
2062	2.394542
2063	2.406579
2064	2.374927
2065	2.421571
2066	2.345950
2067	2.309768
2068	2.357658
2069	2.349648
2070	2.303804
2071	2.377541
2072	2.364472
2073	2.380500
2074	2.327765
2075	2.392131
2076	2.397581
2077	2.348449
2078	2.385915
2079	2.366538
2080	2.370091
2081	2.327229
2082	2.367746
2083	2.294036
2084	2.365086
2085	2.376072
2086	2.232771
2087	2.313023
2088	2.396887
2089	2.302963
2090	2.410983
2091	2.368103
2092	2.362882
2093	2.448062
2094	2.297238
2095	2.404000
2096	2.297057
2097	2.419966
2098	2.363239
2099	2.282894
2100	2.354738
2101	2.302340
2102	2.318421
2103	2.350215
2104	2.363418
2105	2.390112
2106	2.366025
2107	2.360159
2108	2.369981
2109	2.407275
2110	2.333530
2111	2.384008
2112	2.383273
2113	2.330515
2114	2.335421
2115	2.370918
2116	2.409110
2117	2.414689
2118	2.348921
2119	2.364563
2120	2.427073
2121	2.353162
2122	2.436646
2123	2.281173
2124	2.420165
2125	2.400813
2126	2.328449
2127	2.419858
2128	2.366289
2129	2.316863
2130	2.365772
2131	2.404321
2132	2.385206
2133	2.282181
2134	2.371604
2135	2.329918
2136	2.361594
2137	2.316601
2138	2.416952
2139	2.385198
2140	2.235219
2141	2.378111
2142	2.317855
2143	2.460205
2144	2.339985
2145	2.325179
2146	2.357666
2147	2.398938
2148	2.396253
2149	2.321083
2150	2.450784
2151	2.326987
2152	2.368152
2153	2.341568
2154	2.242918
2155	2.396037
2156	2.309965
2157	2.399906
2158	2.379938
2159	2.297404
2160	2.376214
2161	2.440426
2162	2.303957
2163	2.450918
2164	2.238225
2165	2.365380
2166	2.366657
2167	2.327481
2168	2.377893
2169	2.392712
2170	2.409158
2171	2.396008
2172	2.404418
2173	2.432762
2174	2.323829
2175	2.382140
2176	2.301618
2177	2.317735
2178	2.409095
2179	2.331182
2180	2.425862
2181	2.428164
2182	2.423731
2183	2.287910
2184	2.341918
2185	2.374438
2186	2.432734
2187	2.398983
2188	2.353408
2189	2.423112
2190	2.323030
2191	2.381059
2192	2.365583
2193	2.267002
2194	2.460148
2195	2.351442
2196	2.454296
2197	2.244445
2198	2.320689
2199	2.402207
2200	2.408238
2201	2.346731
2202	2.314937
2203	2.363981
2204	2.361029
2205	2.390765
2206	2.262701
2207	2.393162
2208	2.396187
2209	2.386871
2210	2.386382
2211	2.331122
2212	2.410663
2213	2.346804
2214	2.402867
2215	2.387706
2216	2.367941
2217	2.430174
2218	2.407259
2219	2.442035
2220	2.423645
2221	2.351404
2222	2.499088
2223	2.350098
2224	2.267762
2225	2.493595
2226	2.392026
2227	2.333809
2228	2.452053
2229	2.297086
2230	2.357998
2231	2.430766
2232	2.321601
2233	2.417774
2234	2.419499
2235	2.285259
2236	2.394516
2237	2.323788
2238	2.463579
2239	2.439204
2240	2.266116
2241	2.443509
2242	2.292263
2243	2.373539
2244	2.417996
2245	2.448899
2246	2.463758
2247	2.394441
2248	2.422711
2249	2.358299
2250	2.408217
2251	2.437753
2252	2.431987
2253	2.358737
2254	2.314662
2255	2.432791
2256	2.329819
2257	2.420675
2258	2.347955
2259	2.477805
2260	2.449323
2261	2.280458
2262	2.426390
2263	2.407464
2264	2.377511
2265	2.447561
2266	2.337804
2267	2.358197
2268	2.416551
2269	2.352367
2270	2.420920
2271	2.340383
2272	2.403733
2273	2.352020
2274	2.387410
2275	2.316969
2276	2.400457
2277	2.414083
2278	2.325031
2279	2.354230
2280	2.353839
2281	2.488077
2282	2.356801
2283	2.371237
2284	2.345561
2285	2.441552
2286	2.432733
2287	2.265985
2288	2.376329
2289	2.364060
2290	2.427043
2291	2.356673
2292	2.326108
2293	2.351871
2294	2.460001
2295	2.388505
2296	2.328390
2297	2.410824
2298	2.322026
2299	2.391935
2300	2.396940
2301	2.218726
2302	2.431769
2303	2.471022
2304	2.291806
2305	2.482263
2306	2.339131
2307	2.294726
2308	2.511621
2309	2.381826
2310	2.355827
2311	2.424588
2312	2.314476
2313	2.365218
2314	2.444844
2315	2.325203
2316	2.470506
2317	2.422930
2318	2.377683
2319	2.410127
2320	2.414690
2321	2.387253
2322	2.343787
2323	2.364209
2324	2.441913
2325	2.442721
2326	2.472366
2327	2.327860
2328	2.389543
2329	2.469477
2330	2.319057
2331	2.483011
2332	2.465736
2333	2.343189
2334	2.470807
2335	2.368348
2336	2.341249
2337	2.451346
2338	2.359600
2339	2.336265
2340	2.424329
2341	2.405890
2342	2.400384
2343	2.378725
2344	2.393094
2345	2.454945
2346	2.436737
2347	2.238656
2348	2.441319
2349	2.374024
2350	2.435941
2351	2.444286
2352	2.359415
2353	2.482665
2354	2.377479
2355	2.333011
2356	2.428982
2357	2.463172
2358	2.421197
2359	2.331263
2360	2.464109
2361	2.514397
2362	2.363253
2363	2.387584
2364	2.380645
2365	2.361948
2366	2.322026
2367	2.307992
2368	2.435710
2369	2.414907
2370	2.449549
2371	2.314951
2372	2.447180
2373	2.457481
2374	2.317696
2375	2.347317
2376	2.413486
2377	2.405932
2378	2.331262
2379	2.486197
2380	2.453609
2381	2.439273
2382	2.424555
2383	2.381270
2384	2.329643
2385	2.507469
2386	2.362807
2387	2.446361
2388	2.434533
2389	2.383367
2390	2.471488
2391	2.389269
2392	2.408115
2393	2.383357
2394	2.386183
2395	2.351959
2396	2.348438
2397	2.282554
2398	2.384580
2399	2.479876
2400	2.328293
2401	2.396564
2402	2.424187
2403	2.310946
2404	2.394232
2405	2.400208
2406	2.321290
2407	2.529184
2408	2.397133
2409	2.394909
2410	2.358578
2411	2.360735
2412	2.405762
2413	2.375726
2414	2.343385
2415	2.384539
2416	2.450594
2417	2.310999
2418	2.459506
2419	2.495315
2420	2.325702
2421	2.382167
2422	2.366657
2423	2.485328
2424	2.366355
2425	2.392740
2426	2.364685
2427	2.505248
2428	2.373126
2429	2.418913
2430	2.336986
2431	2.469456
2432	2.461238
2433	2.431070
2434	2.374936
2435	2.405653
2436	2.489632
2437	2.408675
2438	2.379885
2439	2.337990
2440	2.494983
2441	2.440636
2442	2.471319
2443	2.437156
2444	2.446597
2445	2.398619
2446	2.354004
2447	2.285184
2448	2.473192
2449	2.454849
2450	2.385329
2451	2.403474
2452	2.342602
2453	2.470679
2454	2.438860
2455	2.451077
2456	2.331500
2457	2.436488
2458	2.401794
2459	2.461824
2460	2.408310
2461	2.344484
2462	2.458716
2463	2.299029
2464	2.400576
2465	2.418456
2466	2.404048
2467	2.321607
2468	2.400270
2469	2.371564
2470	2.306408
2471	2.471532
2472	2.343013
2473	2.445457
2474	2.348168
2475	2.335412
2476	2.464735
2477	2.494946
2478	2.367699
2479	2.539373
2480	2.388167
2481	2.357535
2482	2.381524
2483	2.485163
2484	2.315349
2485	2.523862
2486	2.317419
2487	2.415608
2488	2.379209
2489	2.362027
2490	2.441846
2491	2.392950
2492	2.311512
2493	2.374453
2494	2.429309
2495	2.456149
2496	2.344414
2497	2.409235
2498	2.405295
2499	2.475941
2500	2.364274
2501	2.419147
2502	2.347376
2503	2.397103
2504	2.359484
2505	2.386971
2506	2.364060
2507	2.452486
2508	2.425478
2509	2.306735
2510	2.358626
2511	2.353415
2512	2.387286
2513	2.350955
2514	2.383945
2515	2.471591
2516	2.434678
2517	2.330291
2518	2.427390
2519	2.436381
2520	2.295918
2521	2.435554
2522	2.326989
2523	2.421681
2524	2.414740
2525	2.365992
2526	2.466908
2527	2.434999
2528	2.424123
2529	2.361566
2530	2.390709
2531	2.424857
2532	2.415045
2533	2.408055
2534	2.355582
2535	2.426952
2536	2.337493
2537	2.379636
2538	2.444062
2539	2.437856
2540	2.353140
2541	2.425902
2542	2.404251
2543	2.402968
2544	2.434209
2545	2.355399
2546	2.445096
2547	2.291787
2548	2.509604
2549	2.442417
2550	2.413396
2551	2.422673
2552	2.412528
2553	2.294168
2554	2.445106
2555	2.316317
2556	2.490001
2557	2.303519
2558	2.518539
2559	2.431561
2560	2.372265
