0	1.482772
1	1.416209
2	1.417296
3	1.427743
4	1.429404
5	1.438810
6	1.425696
7	1.426445
8	1.432749
9	1.435864
10	1.450187
11	1.434244
12	1.435943
13	1.417655
14	1.414123
15	1.427865
16	1.415341
17	1.424336
18	1.418815
19	1.414779
20	1.418003
21	1.411539
22	1.417035
23	1.413291
24	1.430172
25	1.415319
26	1.422801
27	1.425116
28	1.415066
29	1.430600
30	1.418715
31	1.440389
32	1.436450
33	1.426663
34	1.429268
35	1.423163
36	1.435347
37	1.431029
38	1.431713
39	1.422664
40	1.430225
41	1.425114
42	1.418524
43	1.416303
44	1.418705
45	1.433909
46	1.431626
47	1.420249
48	1.422551
49	1.424981
50	1.424897
51	1.436247
52	1.430656
53	1.443574
54	1.437983
55	1.427997
56	1.423419
57	1.432964
58	1.429846
59	1.423147
60	1.427655
61	1.420634
62	1.429052
63	1.415446
64	1.411738
65	1.427233
66	1.432399
67	1.434617
68	1.424472
69	1.432634
70	1.425854
71	1.432220
72	1.429926
73	1.432761
74	1.438186
75	1.434483
76	1.420390
77	1.422415
78	1.438120
79	1.437829
80	1.435647
81	1.429381
82	1.426058
83	1.417433
84	1.416681
85	1.420526
86	1.410902
87	1.424504
88	1.421287
89	1.421441
90	1.410189
91	1.409047
92	1.413582
93	1.416579
94	1.438241
95	1.426029
96	1.428157
97	1.422669
98	1.429730
99	1.440141
100	1.434843
101	1.447382
102	1.427275
103	1.434846
104	1.434717
105	1.411042
106	1.427180
107	1.416818
108	1.437400
109	1.436630
110	1.421078
111	1.419609
112	1.411071
113	1.423012
114	1.428324
115	1.444814
116	1.430032
117	1.434615
118	1.436485
119	1.428496
120	1.437443
121	1.435441
122	1.445758
123	1.427133
124	1.419770
125	1.430344
126	1.438198
127	1.436130
128	1.424256
129	1.423927
130	1.430356
131	1.421857
132	1.419554
133	1.410593
134	1.423214
135	1.429184
136	1.422407
137	1.426914
138	1.435896
139	1.434541
140	1.434821
141	1.433578
142	1.441103
143	1.440193
144	1.435112
145	1.422113
146	1.428232
147	1.437012
148	1.430014
149	1.415514
150	1.415047
151	1.419717
152	1.412978
153	1.409288
154	1.415368
155	1.413908
156	1.420736
157	1.420641
158	1.419173
159	1.440475
160	1.438050
161	1.441592
162	1.424711
163	1.449336
164	1.438033
165	1.427770
166	1.429389
167	1.428148
168	1.443820
169	1.415871
170	1.427550
171	1.423515
172	1.423068
173	1.414908
174	1.409916
175	1.421839
176	1.401427
177	1.420418
178	1.404904
179	1.416465
180	1.418800
181	1.413033
182	1.436628
183	1.423475
184	1.445993
185	1.437178
186	1.427968
187	1.434667
188	1.436935
189	1.445822
190	1.426892
191	1.425947
192	1.431413
193	1.428400
194	1.428243
195	1.414826
196	1.416239
197	1.421072
198	1.422014
199	1.412799
200	1.413426
201	1.424717
202	1.421194
203	1.440244
204	1.424196
205	1.439018
206	1.432515
207	1.422561
208	1.445599
209	1.439262
210	1.437853
211	1.427436
212	1.430024
213	1.447530
214	1.422647
215	1.428190
216	1.409757
217	1.422056
218	1.415662
219	1.404775
220	1.421020
221	1.412676
222	1.435224
223	1.422242
224	1.411233
225	1.434308
226	1.430851
227	1.440617
228	1.443164
229	1.433557
230	1.450378
231	1.412873
232	1.433069
233	1.420923
234	1.443113
235	1.430888
236	1.410836
237	1.428120
238	1.406559
239	1.426410
240	1.419089
241	1.437726
242	1.433683
243	1.402211
244	1.420066
245	1.411396
246	1.441819
247	1.426206
248	1.432400
249	1.442862
250	1.427566
251	1.433749
252	1.418007
253	1.448849
254	1.451872
255	1.434130
256	1.437390
257	1.419513
258	1.418932
259	1.411147
260	1.417629
261	1.443286
262	1.437818
263	1.422778
264	1.400064
265	1.416984
266	1.415391
267	1.428002
268	1.438818
269	1.433027
270	1.435176
271	1.407060
272	1.421285
273	1.433467
274	1.444697
275	1.437404
276	1.431567
277	1.427701
278	1.400650
279	1.411000
280	1.410504
281	1.429652
282	1.422982
283	1.412006
284	1.408418
285	1.410159
286	1.423541
287	1.418185
288	1.422324
289	1.448562
290	1.447783
291	1.442531
292	1.427996
293	1.431744
294	1.440713
295	1.444960
296	1.447423
297	1.436450
298	1.435024
299	1.413965
300	1.403903
301	1.420463
302	1.423428
303	1.413224
304	1.401307
305	1.404963
306	1.416513
307	1.421846
308	1.431400
309	1.427961
310	1.448101
311	1.430733
312	1.427303
313	1.439020
314	1.446049
315	1.444778
316	1.418161
317	1.425045
318	1.433828
319	1.431515
320	1.413481
321	1.407980
322	1.423247
323	1.407952
324	1.418693
325	1.402110
326	1.423461
327	1.410448
328	1.407941
329	1.414384
330	1.426992
331	1.446385
332	1.420795
333	1.432900
334	1.434763
335	1.439076
336	1.444256
337	1.426344
338	1.453324
339	1.436735
340	1.417258
341	1.408668
342	1.406573
343	1.443927
344	1.411008
345	1.425615
346	1.405928
347	1.416688
348	1.420409
349	1.406370
350	1.436387
351	1.436857
352	1.433466
353	1.424877
354	1.430497
355	1.442777
356	1.426347
357	1.444203
358	1.439464
359	1.450614
360	1.433660
361	1.426239
362	1.431719
363	1.437339
364	1.428732
365	1.409555
366	1.422466
367	1.418914
368	1.423450
369	1.413005
370	1.416000
371	1.438514
372	1.431050
373	1.417447
374	1.412233
375	1.429498
376	1.431904
377	1.429622
378	1.429998
379	1.435305
380	1.429079
381	1.415289
382	1.435625
383	1.441815
384	1.441331
385	1.432602
386	1.430793
387	1.446646
388	1.430646
389	1.422513
390	1.418593
391	1.427935
392	1.429487
393	1.416054
394	1.416214
395	1.407525
396	1.419670
397	1.414448
398	1.412930
399	1.437169
400	1.427432
401	1.423434
402	1.417883
403	1.429064
404	1.444980
405	1.424396
406	1.432751
407	1.435430
408	1.429053
409	1.428710
410	1.410733
411	1.426211
412	1.427937
413	1.423928
414	1.419502
415	1.409519
416	1.423476
417	1.417091
418	1.430499
419	1.433629
420	1.423152
421	1.441122
422	1.418449
423	1.437008
424	1.417763
425	1.442104
426	1.439715
427	1.436930
428	1.439120
429	1.411648
430	1.436007
431	1.410581
432	1.426111
433	1.412180
434	1.425520
435	1.420397
436	1.408223
437	1.417223
438	1.410169
439	1.424960
440	1.407601
441	1.425138
442	1.424558
443	1.421652
444	1.437359
445	1.429453
446	1.442809
447	1.433382
448	1.445541
449	1.418100
450	1.424709
451	1.421402
452	1.435257
453	1.431229
454	1.413258
455	1.419914
456	1.410984
457	1.421104
458	1.422040
459	1.423803
460	1.440713
461	1.430875
462	1.435716
463	1.421740
464	1.433341
465	1.442584
466	1.433607
467	1.433064
468	1.434075
469	1.441638
470	1.423697
471	1.426900
472	1.415375
473	1.434616
474	1.434823
475	1.439347
476	1.427873
477	1.416751
478	1.421955
479	1.412719
480	1.420968
481	1.414858
482	1.416019
483	1.416105
484	1.421266
485	1.420152
486	1.415424
487	1.428149
488	1.434275
489	1.439024
490	1.427838
491	1.431352
492	1.437634
493	1.422429
494	1.436811
495	1.431484
496	1.431531
497	1.423795
498	1.413827
499	1.434564
500	1.415953
501	1.412140
502	1.413785
503	1.415270
504	1.419688
505	1.402510
506	1.414056
507	1.422493
508	1.439790
509	1.434863
510	1.432178
511	1.436417
512	1.426139
513	1.439959
514	1.428815
515	1.439345
516	1.423845
517	1.413746
518	1.411050
519	1.423740
520	1.435501
521	1.413543
522	1.442441
523	1.426946
524	1.459461
525	1.423522
526	1.437516
527	1.410444
528	1.418984
529	1.449023
530	1.429792
531	1.446635
532	1.420684
533	1.446289
534	1.420050
535	1.428326
536	1.438593
537	1.439350
538	1.446960
539	1.413700
540	1.437740
541	1.416067
542	1.426598
543	1.433933
544	1.426641
545	1.456900
546	1.418487
547	1.440863
548	1.410712
549	1.431424
550	1.434623
551	1.428699
552	1.451308
553	1.430752
554	1.448493
555	1.410148
556	1.430404
557	1.434754
558	1.430609
559	1.445297
560	1.430678
561	1.408204
562	1.421686
563	1.443082
564	1.425724
565	1.458568
566	1.435143
567	1.431574
568	1.421529
569	1.414627
570	1.433070
571	1.421106
572	1.437758
573	1.439957
574	1.442977
575	1.426422
576	1.421710
577	1.412840
578	1.437330
579	1.425445
580	1.447136
581	1.449857
582	1.442796
583	1.426168
584	1.403535
585	1.432543
586	1.425417
587	1.447353
588	1.435213
589	1.446743
590	1.445602
591	1.403701
592	1.432824
593	1.420806
594	1.439399
595	1.430641
596	1.422469
597	1.463748
598	1.423678
599	1.443870
600	1.410405
601	1.450079
602	1.418723
603	1.441577
604	1.420122
605	1.414800
606	1.423047
607	1.421318
608	1.474725
609	1.446091
610	1.433520
611	1.425362
612	1.412390
613	1.437062
614	1.406225
615	1.436049
616	1.446331
617	1.449327
618	1.448666
619	1.426907
620	1.446884
621	1.414054
622	1.411227
623	1.435704
624	1.417554
625	1.433573
626	1.441453
627	1.453735
628	1.454346
629	1.421361
630	1.435860
631	1.418086
632	1.397396
633	1.432802
634	1.419796
635	1.445511
636	1.445175
637	1.431492
638	1.448693
639	1.411951
640	1.435000
641	1.407227
642	1.427429
643	1.411465
644	1.423093
645	1.427930
646	1.419711
647	1.438995
648	1.443101
649	1.430094
650	1.439005
651	1.417993
652	1.431245
653	1.413578
654	1.421645
655	1.416306
656	1.421654
657	1.435530
658	1.438450
659	1.454377
660	1.437768
661	1.432801
662	1.429849
663	1.406871
664	1.426225
665	1.421106
666	1.421222
667	1.432689
668	1.441238
669	1.462905
670	1.426269
671	1.436670
672	1.428819
673	1.427590
674	1.415900
675	1.394899
676	1.441804
677	1.430864
678	1.435679
679	1.434213
680	1.442953
681	1.431372
682	1.425723
683	1.414862
684	1.422045
685	1.417175
686	1.425930
687	1.421527
688	1.428234
689	1.426238
690	1.429460
691	1.435367
692	1.434368
693	1.441518
694	1.435926
695	1.419452
696	1.413490
697	1.418310
698	1.428107
699	1.414989
700	1.414043
701	1.424261
702	1.431149
703	1.435869
704	1.430651
705	1.433900
706	1.434575
707	1.435407
708	1.422089
709	1.418145
710	1.426906
711	1.410800
712	1.423566
713	1.426449
714	1.431866
715	1.429395
716	1.430062
717	1.454501
718	1.445397
719	1.444843
720	1.433772
721	1.412309
722	1.433705
723	1.422606
724	1.436981
725	1.434124
726	1.420884
727	1.438570
728	1.429939
729	1.424862
730	1.413400
731	1.419798
732	1.421487
733	1.422985
734	1.422694
735	1.423728
736	1.439483
737	1.426515
738	1.426359
739	1.435036
740	1.434748
741	1.443167
742	1.430431
743	1.431409
744	1.423268
745	1.420280
746	1.417144
747	1.416327
748	1.432433
749	1.421797
750	1.425983
751	1.424842
752	1.426250
753	1.435558
754	1.434678
755	1.434048
756	1.428838
757	1.429626
758	1.420306
759	1.428607
760	1.430224
761	1.428789
762	1.430101
763	1.410572
764	1.416921
765	1.412224
766	1.417563
767	1.424970
768	1.427216
769	1.432874
770	1.425870
771	1.420169
772	1.425575
773	1.428339
774	1.431957
775	1.419972
776	1.429867
777	1.428210
778	1.430117
779	1.417177
780	1.402410
781	1.400728
782	1.415228
783	1.415046
784	1.425750
785	1.425162
786	1.425131
787	1.425328
788	1.418491
789	1.429001
790	1.434345
791	1.440576
792	1.426589
793	1.432221
794	1.421163
795	1.423643
796	1.420778
797	1.412478
798	1.422715
799	1.411055
800	1.421484
801	1.411183
802	1.423748
803	1.396774
804	1.416303
805	1.410561
806	1.413197
807	1.419954
808	1.418109
809	1.438368
810	1.422160
811	1.436149
812	1.415765
813	1.436412
814	1.429665
815	1.432793
816	1.433968
817	1.428988
818	1.444540
819	1.432731
820	1.433887
821	1.422973
822	1.430024
823	1.417987
824	1.417982
825	1.414908
826	1.415298
827	1.433778
828	1.412601
829	1.433498
830	1.422747
831	1.414496
832	1.407488
833	1.403675
834	1.420366
835	1.409731
836	1.425643
837	1.406500
838	1.421335
839	1.398460
840	1.416206
841	1.392451
842	1.413650
843	1.406306
844	1.418272
845	1.412026
846	1.426467
847	1.421400
848	1.427743
849	1.434989
850	1.429034
851	1.443251
852	1.425849
853	1.435705
854	1.419666
855	1.437273
856	1.413989
857	1.431751
858	1.419757
859	1.444615
860	1.419457
861	1.426971
862	1.418287
863	1.438804
864	1.417039
865	1.428663
866	1.393602
867	1.417304
868	1.411457
869	1.420320
870	1.410310
871	1.413811
872	1.427499
873	1.428177
874	1.426612
875	1.403065
876	1.415281
877	1.409975
878	1.429018
879	1.411655
880	1.408752
881	1.406022
882	1.413821
883	1.417052
884	1.411879
885	1.422394
886	1.397116
887	1.419953
888	1.403355
889	1.411831
890	1.412221
891	1.402832
892	1.416475
893	1.416208
894	1.398558
895	1.398619
896	1.408740
897	1.397465
898	1.420455
899	1.409210
900	1.425058
901	1.416558
902	1.412714
903	1.401591
904	1.412162
905	1.406342
906	1.422033
907	1.420744
908	1.429529
909	1.432424
910	1.418489
911	1.417814
912	1.416657
913	1.410362
914	1.430658
915	1.412729
916	1.423167
917	1.409601
918	1.410565
919	1.394120
920	1.413827
921	1.388845
922	1.408679
923	1.410305
924	1.396942
925	1.407695
926	1.401247
927	1.423936
928	1.403879
929	1.419417
930	1.416389
931	1.422410
932	1.431095
933	1.417298
934	1.412326
935	1.413941
936	1.428985
937	1.402715
938	1.419476
939	1.426145
940	1.424933
941	1.427768
942	1.421657
943	1.434883
944	1.432809
945	1.429876
946	1.423023
947	1.409186
948	1.418160
949	1.414464
950	1.427200
951	1.406652
952	1.425155
953	1.441287
954	1.425658
955	1.425669
956	1.423685
957	1.438142
958	1.421842
959	1.427817
960	1.423059
961	1.433619
962	1.414651
963	1.429524
964	1.429528
965	1.422230
966	1.433812
967	1.425030
968	1.403822
969	1.398880
970	1.418491
971	1.414717
972	1.417462
973	1.434524
974	1.428062
975	1.412788
976	1.419197
977	1.400104
978	1.385823
979	1.395154
980	1.406275
981	1.414793
982	1.404390
983	1.426965
984	1.427396
985	1.413227
986	1.397104
987	1.404547
988	1.394293
989	1.391610
990	1.386981
991	1.388429
992	1.407454
993	1.406154
994	1.425199
995	1.425286
996	1.411149
997	1.393107
998	1.397990
999	1.385357
1000	1.399109
1001	1.404067
1002	1.382105
1003	1.404715
1004	1.409499
1005	1.403756
1006	1.416173
1007	1.424631
1008	1.405099
1009	1.410508
1010	1.426234
1011	1.388515
1012	1.393843
1013	1.422389
1014	1.397736
1015	1.399429
1016	1.426804
1017	1.421763
1018	1.400644
1019	1.408793
1020	1.407526
1021	1.380145
1022	1.382257
1023	1.404498
1024	1.390785
1025	1.403061
1026	1.426280
1027	1.410680
1028	1.407019
1029	1.424584
1030	1.398083
1031	1.386814
1032	1.402368
1033	1.416746
1034	1.410107
1035	1.414253
1036	1.420550
1037	1.412521
1038	1.403519
1039	1.422132
1040	1.413170
1041	1.399816
1042	1.411051
1043	1.409698
1044	1.399308
1045	1.413857
1046	1.405739
1047	1.411579
1048	1.400729
1049	1.414391
1050	1.401081
1051	1.396853
1052	1.420808
1053	1.410831
1054	1.408894
1055	1.409183
1056	1.429127
1057	1.406171
1058	1.406716
1059	1.423206
1060	1.419513
1061	1.406079
1062	1.410023
1063	1.425173
1064	1.382004
1065	1.402555
1066	1.427129
1067	1.410048
1068	1.410645
1069	1.427406
1070	1.415613
1071	1.403046
1072	1.431450
1073	1.421167
1074	1.391683
1075	1.413786
1076	1.395792
1077	1.374473
1078	1.410041
1079	1.417627
1080	1.404781
1081	1.430134
1082	1.416653
1083	1.421138
1084	1.431011
1085	1.412296
1086	1.405570
1087	1.402938
1088	1.402314
1089	1.396597
1090	1.392916
1091	1.420312
1092	1.431504
1093	1.409581
1094	1.432566
1095	1.438471
1096	1.427452
1097	1.439056
1098	1.437422
1099	1.409417
1100	1.419115
1101	1.408026
1102	1.385536
1103	1.416101
1104	1.413436
1105	1.415262
1106	1.436538
1107	1.434296
1108	1.432851
1109	1.450330
1110	1.443820
1111	1.416313
1112	1.413450
1113	1.412327
1114	1.391167
1115	1.402369
1116	1.416638
1117	1.413933
1118	1.425757
1119	1.441248
1120	1.433583
1121	1.438365
1122	1.452334
1123	1.430746
1124	1.420649
1125	1.420782
1126	1.396596
1127	1.394407
1128	1.402851
1129	1.386352
1130	1.408463
1131	1.421118
1132	1.422924
1133	1.414334
1134	1.428965
1135	1.428312
1136	1.404670
1137	1.420311
1138	1.414484
1139	1.401079
1140	1.404269
1141	1.413477
1142	1.405640
1143	1.426989
1144	1.422977
1145	1.418734
1146	1.415390
1147	1.420503
1148	1.413802
1149	1.399087
1150	1.405821
1151	1.408862
1152	1.409355
1153	1.429088
1154	1.425335
1155	1.410095
1156	1.421993
1157	1.419806
1158	1.406241
1159	1.415748
1160	1.404786
1161	1.412541
1162	1.414730
1163	1.416581
1164	1.421255
1165	1.410691
1166	1.410048
1167	1.427003
1168	1.399765
1169	1.410818
1170	1.425019
1171	1.393812
1172	1.411436
1173	1.431309
1174	1.409905
1175	1.415954
1176	1.431957
1177	1.420659
1178	1.413058
1179	1.413243
1180	1.410799
1181	1.405846
1182	1.404096
1183	1.406163
1184	1.418309
1185	1.400122
1186	1.414767
1187	1.427036
1188	1.406801
1189	1.409345
1190	1.428819
1191	1.413996
1192	1.398812
1193	1.412786
1194	1.401891
1195	1.393762
1196	1.414625
1197	1.407398
1198	1.410004
1199	1.410049
1200	1.422069
1201	1.432363
1202	1.423579
1203	1.418275
1204	1.424164
1205	1.411057
1206	1.390224
1207	1.396842
1208	1.402386
1209	1.396470
1210	1.413002
1211	1.420074
1212	1.411639
1213	1.424405
1214	1.428403
1215	1.414361
1216	1.420909
1217	1.418953
1218	1.402461
1219	1.412878
1220	1.409233
1221	1.404624
1222	1.400822
1223	1.419528
1224	1.411750
1225	1.415902
1226	1.436198
1227	1.423997
1228	1.410222
1229	1.407822
1230	1.393702
1231	1.375872
1232	1.394159
1233	1.411175
1234	1.420032
1235	1.437952
1236	1.437009
1237	1.418329
1238	1.403589
1239	1.406723
1240	1.382769
1241	1.379112
1242	1.402778
1243	1.400631
1244	1.416041
1245	1.429364
1246	1.415885
1247	1.393883
1248	1.405716
1249	1.396266
1250	1.394623
1251	1.420067
1252	1.416493
1253	1.419606
1254	1.427503
1255	1.413607
1256	1.390692
1257	1.406576
1258	1.390937
1259	1.413676
1260	1.437941
1261	1.431385
1262	1.415117
1263	1.417450
1264	1.397192
1265	1.393954
1266	1.417576
1267	1.414758
1268	1.404127
1269	1.423763
1270	1.409385
1271	1.394421
1272	1.410486
1273	1.416310
1274	1.414287
1275	1.440665
1276	1.418234
1277	1.416921
1278	1.416605
1279	1.416632
1280	1.405367
1281	1.405842
1282	1.403355
1283	1.402934
1284	1.395763
1285	1.398991
1286	1.414372
1287	1.412305
1288	1.403384
1289	1.420733
1290	1.413658
1291	1.403301
1292	1.417277
1293	1.413785
1294	1.405628
1295	1.403091
1296	1.421570
1297	1.406848
1298	1.406563
1299	1.418081
1300	1.403304
1301	1.400583
1302	1.409341
1303	1.404311
1304	1.401875
1305	1.427796
1306	1.424634
1307	1.420815
1308	1.424429
1309	1.411103
1310	1.390798
1311	1.402565
1312	1.411457
1313	1.401531
1314	1.407082
1315	1.423550
1316	1.415072
1317	1.415858
1318	1.408542
1319	1.410456
1320	1.393600
1321	1.411506
1322	1.407193
1323	1.406087
1324	1.405728
1325	1.426296
1326	1.407457
1327	1.395296
1328	1.414301
1329	1.405693
1330	1.386510
1331	1.400980
1332	1.412884
1333	1.408058
1334	1.417059
1335	1.420861
1336	1.412323
1337	1.404655
1338	1.414336
1339	1.402145
1340	1.402686
1341	1.404330
1342	1.407385
1343	1.400517
1344	1.401389
1345	1.413979
1346	1.407312
1347	1.400805
1348	1.405415
1349	1.413353
1350	1.408357
1351	1.403923
1352	1.413470
1353	1.405238
1354	1.409251
1355	1.411729
1356	1.411789
1357	1.406590
1358	1.414685
1359	1.405674
1360	1.400038
1361	1.402217
1362	1.408819
1363	1.409288
1364	1.410531
1365	1.414378
1366	1.416098
1367	1.410779
1368	1.395154
1369	1.413518
1370	1.401468
1371	1.397043
1372	1.411612
1373	1.410330
1374	1.411687
1375	1.428746
1376	1.408261
1377	1.407447
1378	1.404335
1379	1.394052
1380	1.400344
1381	1.414576
1382	1.414350
1383	1.419471
1384	1.423272
1385	1.410501
1386	1.395316
1387	1.405017
1388	1.404888
1389	1.399810
1390	1.413810
1391	1.420382
1392	1.408235
1393	1.411122
1394	1.407710
1395	1.398992
1396	1.389018
1397	1.409263
1398	1.410166
1399	1.400717
1400	1.415590
1401	1.418445
1402	1.404238
1403	1.409242
1404	1.416763
1405	1.395672
1406	1.399251
1407	1.416926
1408	1.421926
1409	1.407871
1410	1.420884
1411	1.402355
1412	1.381855
1413	1.397190
1414	1.405309
1415	1.403499
1416	1.421290
1417	1.433256
1418	1.416218
1419	1.397668
1420	1.389627
1421	1.389881
1422	1.397216
1423	1.407931
1424	1.420923
1425	1.417401
1426	1.413186
1427	1.401016
1428	1.393063
1429	1.399866
1430	1.397521
1431	1.414798
1432	1.438988
1433	1.428236
1434	1.410023
1435	1.423226
1436	1.399541
1437	1.373731
1438	1.398529
1439	1.402322
1440	1.409998
1441	1.431609
1442	1.433715
1443	1.399246
1444	1.399758
1445	1.406638
1446	1.393051
1447	1.416445
1448	1.423473
1449	1.416928
1450	1.401441
1451	1.401574
1452	1.387046
1453	1.376417
1454	1.400985
1455	1.416612
1456	1.433251
1457	1.422216
1458	1.434892
1459	1.400519
1460	1.395295
1461	1.402051
1462	1.393789
1463	1.398831
1464	1.410557
1465	1.406243
1466	1.395714
1467	1.406812
1468	1.389255
1469	1.393128
1470	1.413972
1471	1.417379
1472	1.411202
1473	1.426116
1474	1.427971
1475	1.395665
1476	1.393916
1477	1.393328
1478	1.386044
1479	1.400331
1480	1.419040
1481	1.410368
1482	1.396141
1483	1.401957
1484	1.399474
1485	1.397649
1486	1.418799
1487	1.426083
1488	1.417663
1489	1.415506
1490	1.416275
1491	1.402328
1492	1.403398
1493	1.393346
1494	1.395342
1495	1.414486
1496	1.413976
1497	1.404886
1498	1.400621
1499	1.395241
1500	1.391960
1501	1.392734
1502	1.422029
1503	1.418586
1504	1.397106
1505	1.403448
1506	1.413949
1507	1.396844
1508	1.396913
1509	1.412367
1510	1.414140
1511	1.392178
1512	1.400066
1513	1.408402
1514	1.383833
1515	1.402014
1516	1.425392
1517	1.409922
1518	1.412176
1519	1.432721
1520	1.401852
1521	1.402661
1522	1.407092
1523	1.387074
1524	1.386538
1525	1.406085
1526	1.410582
1527	1.410387
1528	1.417696
1529	1.409841
1530	1.404533
1531	1.402606
1532	1.397872
1533	1.394583
1534	1.407228
1535	1.413077
1536	1.416695
1537	1.427270
1538	1.415200
1539	1.394545
1540	1.402701
1541	1.397520
1542	1.394757
1543	1.411676
1544	1.413478
1545	1.411522
1546	1.407588
1547	1.407083
1548	1.400641
1549	1.394422
1550	1.400699
1551	1.409196
1552	1.405032
1553	1.413713
1554	1.419516
1555	1.401862
1556	1.399667
1557	1.399580
1558	1.387572
1559	1.397523
1560	1.408307
1561	1.401581
1562	1.413615
1563	1.410828
1564	1.398991
1565	1.404797
1566	1.394395
1567	1.395663
1568	1.417359
1569	1.416450
1570	1.423559
1571	1.417507
1572	1.407598
1573	1.393081
1574	1.390021
1575	1.395929
1576	1.397774
1577	1.405113
1578	1.406486
1579	1.413962
1580	1.411207
1581	1.406478
1582	1.394046
1583	1.392939
1584	1.404112
1585	1.405024
1586	1.414619
1587	1.418284
1588	1.425213
1589	1.404716
1590	1.403088
1591	1.399750
1592	1.399484
1593	1.402811
1594	1.414162
1595	1.408568
1596	1.396705
1597	1.403737
1598	1.410432
1599	1.401535
1600	1.403870
1601	1.417035
1602	1.406316
1603	1.414377
1604	1.406114
1605	1.392693
1606	1.399262
1607	1.405239
1608	1.403375
1609	1.402593
1610	1.409208
1611	1.405904
1612	1.395239
1613	1.400239
1614	1.398936
1615	1.394034
1616	1.414893
1617	1.422586
1618	1.414957
1619	1.419107
1620	1.405163
1621	1.392644
1622	1.394732
1623	1.395663
1624	1.401577
1625	1.421899
1626	1.403678
1627	1.391890
1628	1.397856
1629	1.395254
1630	1.397913
1631	1.414330
1632	1.419041
1633	1.406539
1634	1.404586
1635	1.411521
1636	1.405172
1637	1.399873
1638	1.418744
1639	1.406829
1640	1.397897
1641	1.405575
1642	1.405220
1643	1.406621
1644	1.405222
1645	1.404386
1646	1.400083
1647	1.407037
1648	1.401504
1649	1.399730
1650	1.405709
1651	1.404179
1652	1.401546
1653	1.413603
1654	1.409190
1655	1.401801
1656	1.410064
1657	1.398975
1658	1.398173
1659	1.412809
1660	1.406249
1661	1.404660
1662	1.415285
1663	1.404906
1664	1.389796
1665	1.400063
1666	1.400448
1667	1.391897
1668	1.407933
1669	1.407040
1670	1.393172
1671	1.408976
1672	1.400741
1673	1.393246
1674	1.412523
1675	1.410293
1676	1.402451
1677	1.413907
1678	1.419736
1679	1.405527
1680	1.400543
1681	1.404811
1682	1.391403
1683	1.391385
1684	1.408615
1685	1.401762
1686	1.405939
1687	1.402530
1688	1.394423
1689	1.394795
1690	1.398993
1691	1.396346
1692	1.401080
1693	1.412713
1694	1.411184
1695	1.407373
1696	1.411400
1697	1.402554
1698	1.406451
1699	1.416862
1700	1.409571
1701	1.406425
1702	1.415709
1703	1.414039
1704	1.393763
1705	1.390703
1706	1.396702
1707	1.389899
1708	1.396022
1709	1.411823
1710	1.407565
1711	1.400719
1712	1.410033
1713	1.393095
1714	1.401531
1715	1.413547
1716	1.414004
1717	1.414128
1718	1.416280
1719	1.406066
1720	1.392619
1721	1.399696
1722	1.404370
1723	1.399468
1724	1.404426
1725	1.411928
1726	1.399644
1727	1.393101
1728	1.406428
1729	1.391308
1730	1.398611
1731	1.414191
1732	1.407195
1733	1.409027
1734	1.418755
1735	1.402235
1736	1.384913
1737	1.391349
1738	1.397482
1739	1.398950
1740	1.416278
1741	1.409281
1742	1.392640
1743	1.394928
1744	1.401489
1745	1.391644
1746	1.402068
1747	1.419429
1748	1.408865
1749	1.400262
1750	1.404708
1751	1.392867
1752	1.393134
1753	1.415980
1754	1.412669
1755	1.410430
1756	1.421536
1757	1.401279
1758	1.388538
1759	1.401947
1760	1.404385
1761	1.400105
1762	1.417407
1763	1.422198
1764	1.408336
1765	1.405580
1766	1.407796
1767	1.392865
1768	1.388007
1769	1.412098
1770	1.405134
1771	1.408967
1772	1.424716
1773	1.394342
1774	1.391134
1775	1.411553
1776	1.402657
1777	1.411359
1778	1.428208
1779	1.409658
1780	1.391489
1781	1.402133
1782	1.394994
1783	1.394412
1784	1.414596
1785	1.414560
1786	1.405771
1787	1.408196
1788	1.391928
1789	1.372684
1790	1.392692
1791	1.405240
1792	1.404590
1793	1.416694
1794	1.421071
1795	1.396450
1796	1.384867
1797	1.399650
1798	1.398763
1799	1.413517
1800	1.433712
1801	1.407088
1802	1.402957
1803	1.409717
1804	1.385575
1805	1.389485
1806	1.418439
1807	1.409657
1808	1.405783
1809	1.421511
1810	1.387485
1811	1.379018
1812	1.399429
1813	1.402105
1814	1.401691
1815	1.420493
1816	1.410021
1817	1.390867
1818	1.394349
1819	1.395672
1820	1.403967
1821	1.421241
1822	1.414132
1823	1.389750
1824	1.399830
1825	1.391311
1826	1.388094
1827	1.416424
1828	1.404109
1829	1.394193
1830	1.416912
1831	1.395177
1832	1.384419
1833	1.418985
1834	1.401907
1835	1.396994
1836	1.417872
1837	1.400519
1838	1.386543
1839	1.413147
1840	1.397374
1841	1.386663
1842	1.419969
1843	1.404945
1844	1.399791
1845	1.407518
1846	1.409698
1847	1.388260
1848	1.414623
1849	1.426982
1850	1.402206
1851	1.411414
1852	1.409968
1853	1.402140
1854	1.395696
1855	1.417318
1856	1.398917
1857	1.392660
1858	1.409324
1859	1.394809
1860	1.384061
1861	1.405939
1862	1.402865
1863	1.393014
1864	1.409291
1865	1.400001
1866	1.383682
1867	1.394911
1868	1.405771
1869	1.397239
1870	1.410169
1871	1.408818
1872	1.390900
1873	1.379546
1874	1.395604
1875	1.411704
1876	1.422330
1877	1.416223
1878	1.417407
1879	1.403687
1880	1.392548
1881	1.401577
1882	1.409832
1883	1.413845
1884	1.415632
1885	1.410656
1886	1.394585
1887	1.386632
1888	1.392910
1889	1.408353
1890	1.410034
1891	1.402801
1892	1.389084
1893	1.386614
1894	1.396580
1895	1.413645
1896	1.415614
1897	1.405858
1898	1.391777
1899	1.392374
1900	1.389552
1901	1.400425
1902	1.410113
1903	1.421082
1904	1.408233
1905	1.406649
1906	1.389827
1907	1.385676
1908	1.401923
1909	1.417418
1910	1.416762
1911	1.412426
1912	1.396680
1913	1.385952
1914	1.388253
1915	1.401430
1916	1.415405
1917	1.412584
1918	1.399186
1919	1.392091
1920	1.382970
1921	1.394110
1922	1.409212
1923	1.405835
1924	1.397275
1925	1.402751
1926	1.381473
1927	1.384433
1928	1.412608
1929	1.420146
1930	1.407020
1931	1.407232
1932	1.404186
1933	1.392053
1934	1.405031
1935	1.432689
1936	1.422312
1937	1.388031
1938	1.402833
1939	1.405063
1940	1.396367
1941	1.414834
1942	1.420214
1943	1.395573
1944	1.390496
1945	1.400096
1946	1.391614
1947	1.399578
1948	1.415439
1949	1.398474
1950	1.382331
1951	1.396541
1952	1.402714
1953	1.392522
1954	1.415657
1955	1.419088
1956	1.396989
1957	1.388229
1958	1.403590
1959	1.409880
1960	1.401468
1961	1.426214
1962	1.414376
1963	1.392943
1964	1.397078
1965	1.405307
1966	1.399542
1967	1.413775
1968	1.418914
1969	1.395878
1970	1.380662
1971	1.390525
1972	1.397314
1973	1.401296
1974	1.412009
1975	1.407893
1976	1.376107
1977	1.388219
1978	1.421178
1979	1.410823
1980	1.390712
1981	1.406698
1982	1.401434
1983	1.385782
1984	1.402166
1985	1.428258
1986	1.403861
1987	1.382007
1988	1.397931
1989	1.398677
1990	1.392399
1991	1.404982
1992	1.406706
1993	1.380843
1994	1.387977
1995	1.419672
1996	1.405294
1997	1.405567
1998	1.415795
1999	1.388515
2000	1.386440
2001	1.415110
2002	1.418721
2003	1.401519
2004	1.387827
2005	1.395384
2006	1.403631
2007	1.405210
2008	1.418137
2009	1.404373
2010	1.375224
2011	1.390463
2012	1.416168
2013	1.413990
2014	1.400917
2015	1.405534
2016	1.405432
2017	1.390811
2018	1.400663
2019	1.424718
2020	1.409321
2021	1.391494
2022	1.400956
2023	1.398448
2024	1.385562
2025	1.396634
2026	1.412457
2027	1.393729
2028	1.384278
2029	1.401157
2030	1.408131
2031	1.396129
2032	1.398863
2033	1.415596
2034	1.391652
2035	1.390516
2036	1.410874
2037	1.420140
2038	1.397666
2039	1.395606
2040	1.395116
2041	1.395915
2042	1.388834
2043	1.399262
2044	1.408004
2045	1.400993
2046	1.397835
2047	1.395739
2048	1.418780
2049	1.413912
2050	1.397225
2051	1.393845
2052	1.399796
2053	1.406551
2054	1.391579
2055	1.403827
2056	1.407170
2057	1.390197
2058	1.393486
2059	1.416205
2060	1.423399
2061	1.408798
2062	1.390089
2063	1.393826
2064	1.401776
2065	1.412481
2066	1.394829
2067	1.396236
2068	1.404393
2069	1.391966
2070	1.414299
2071	1.420863
2072	1.411118
2073	1.404428
2074	1.390503
2075	1.401235
2076	1.414086
2077	1.395553
2078	1.394757
2079	1.395775
2080	1.396686
2081	1.409217
2082	1.401671
2083	1.405081
2084	1.406419
2085	1.408638
2086	1.401118
2087	1.404089
2088	1.392765
2089	1.391707
2090	1.401321
2091	1.397219
2092	1.396215
2093	1.413349
2094	1.402523
2095	1.396537
2096	1.402957
2097	1.402958
2098	1.411521
2099	1.393952
2100	1.371539
2101	1.398888
2102	1.415748
2103	1.411654
2104	1.401262
2105	1.391340
2106	1.407432
2107	1.428227
2108	1.413932
2109	1.382111
2110	1.386937
2111	1.402733
2112	1.414427
2113	1.404625
2114	1.389770
2115	1.392245
2116	1.415607
2117	1.422760
2118	1.403016
2119	1.398021
2120	1.402583
2121	1.406073
2122	1.398429
2123	1.396771
2124	1.391640
2125	1.405921
2126	1.416444
2127	1.405391
2128	1.394489
2129	1.393797
2130	1.400004
2131	1.401403
2132	1.397110
2133	1.393892
2134	1.396889
2135	1.407687
2136	1.413224
2137	1.402349
2138	1.393070
2139	1.386478
2140	1.397027
2141	1.401501
2142	1.400454
2143	1.404335
2144	1.406101
2145	1.406890
2146	1.406567
2147	1.399249
2148	1.393781
2149	1.398290
2150	1.394287
2151	1.396393
2152	1.403128
2153	1.410604
2154	1.412924
2155	1.399889
2156	1.393083
2157	1.392511
2158	1.397901
2159	1.405180
2160	1.408951
2161	1.414092
2162	1.414219
2163	1.395860
2164	1.393411
2165	1.387124
2166	1.396364
2167	1.410865
2168	1.409008
2169	1.404808
2170	1.423289
2171	1.405651
2172	1.381990
2173	1.389201
2174	1.396266
2175	1.408115
2176	1.413512
2177	1.401892
2178	1.407938
2179	1.412252
2180	1.384120
2181	1.379390
2182	1.391415
2183	1.404149
2184	1.413035
2185	1.407076
2186	1.400070
2187	1.413798
2188	1.394963
2189	1.383644
2190	1.398627
2191	1.394760
2192	1.414840
2193	1.404336
2194	1.390689
2195	1.409027
2196	1.416418
2197	1.397293
2198	1.400418
2199	1.400792
2200	1.392823
2201	1.395003
2202	1.395749
2203	1.399296
2204	1.417827
2205	1.411994
2206	1.403602
2207	1.416019
2208	1.412309
2209	1.403204
2210	1.404373
2211	1.404515
2212	1.401964
2213	1.395841
2214	1.388803
2215	1.396204
2216	1.397045
2217	1.382897
2218	1.390229
2219	1.399310
2220	1.406844
2221	1.409990
2222	1.401722
2223	1.407027
2224	1.419507
2225	1.398257
2226	1.401583
2227	1.409989
2228	1.402299
2229	1.390651
2230	1.391162
2231	1.397639
2232	1.394970
2233	1.392802
2234	1.394229
2235	1.413405
2236	1.400779
2237	1.394045
2238	1.405630
2239	1.410131
2240	1.389717
2241	1.402188
2242	1.408375
2243	1.393272
2244	1.396138
2245	1.401591
2246	1.388071
2247	1.396141
2248	1.391873
2249	1.384028
2250	1.389680
2251	1.384914
2252	1.390891
2253	1.394378
2254	1.382478
2255	1.393705
2256	1.413179
2257	1.391054
2258	1.390027
2259	1.401801
2260	1.404123
2261	1.397984
2262	1.399262
2263	1.418739
2264	1.412056
2265	1.405748
2266	1.411822
2267	1.434903
2268	1.403895
2269	1.404072
2270	1.428243
2271	1.412031
2272	1.405500
2273	1.417486
2274	1.394123
2275	1.407586
2276	1.416451
2277	1.382900
2278	1.398519
2279	1.412792
2280	1.394041
2281	1.391780
2282	1.412184
2283	1.391104
2284	1.388921
2285	1.402956
2286	1.398994
2287	1.412359
2288	1.414951
2289	1.424836
2290	1.416158
2291	1.416706
2292	1.412241
2293	1.396677
2294	1.396610
2295	1.406456
2296	1.383171
2297	1.403059
2298	1.414748
2299	1.389271
2300	1.422977
2301	1.429116
2302	1.399041
2303	1.436035
2304	1.406766
2305	1.401351
2306	1.416500
2307	1.387439
2308	1.391614
2309	1.408345
2310	1.390082
2311	1.413232
2312	1.432371
2313	1.408764
2314	1.411142
2315	1.412740
2316	1.399111
2317	1.400380
2318	1.394880
2319	1.391883
2320	1.391561
2321	1.411684
2322	1.419066
2323	1.420081
2324	1.384609
2325	1.405036
2326	1.384198
2327	1.409252
2328	1.418558
2329	1.408480
2330	1.417519
2331	1.395216
2332	1.382936
2333	1.423285
2334	1.410496
2335	1.411137
2336	1.401364
2337	1.385627
2338	1.409037
2339	1.394986
2340	1.427477
2341	1.411359
2342	1.379227
2343	1.413133
2344	1.402419
2345	1.414431
2346	1.422936
2347	1.392795
2348	1.398013
2349	1.390008
2350	1.403010
2351	1.427291
2352	1.398994
2353	1.421488
2354	1.390822
2355	1.394956
2356	1.412677
2357	1.396614
2358	1.424108
2359	1.401885
2360	1.393918
2361	1.404778
2362	1.413056
2363	1.427795
2364	1.390936
2365	1.423690
2366	1.389370
2367	1.406088
2368	1.426208
2369	1.393222
2370	1.411333
2371	1.388415
2372	1.434451
2373	1.388914
2374	1.421150
2375	1.404844
2376	1.398960
2377	1.426101
2378	1.393873
2379	1.425765
2380	1.392235
2381	1.418392
2382	1.390527
2383	1.433593
2384	1.392363
2385	1.408298
2386	1.420868
2387	1.396973
2388	1.418106
2389	1.394714
2390	1.413703
2391	1.391323
2392	1.414903
2393	1.413093
2394	1.390621
2395	1.415143
2396	1.396874
2397	1.421778
2398	1.404887
2399	1.409736
2400	1.405598
2401	1.403374
2402	1.409560
2403	1.408481
2404	1.402076
2405	1.404675
2406	1.404279
2407	1.407606
2408	1.418233
2409	1.397142
2410	1.415063
2411	1.394513
2412	1.419834
2413	1.390916
2414	1.411650
2415	1.404398
2416	1.423756
2417	1.405966
2418	1.408341
2419	1.411401
2420	1.409052
2421	1.409014
2422	1.390220
2423	1.416837
2424	1.399225
2425	1.416257
2426	1.400305
2427	1.405278
2428	1.409748
2429	1.414619
2430	1.402206
2431	1.406801
2432	1.401426
2433	1.417118
2434	1.405212
2435	1.407693
2436	1.407764
2437	1.398429
2438	1.422619
2439	1.392426
2440	1.416598
2441	1.404662
2442	1.425097
2443	1.397096
2444	1.422894
2445	1.391672
2446	1.422010
2447	1.402100
2448	1.426638
2449	1.388276
2450	1.429865
2451	1.405369
2452	1.408633
2453	1.401861
2454	1.414553
2455	1.408842
2456	1.413433
2457	1.402072
2458	1.404794
2459	1.407501
2460	1.411071
2461	1.399178
2462	1.407695
2463	1.428450
2464	1.400150
2465	1.397729
2466	1.411533
2467	1.418488
2468	1.407962
2469	1.407922
2470	1.402852
2471	1.420837
2472	1.407358
2473	1.397762
2474	1.419964
2475	1.410437
2476	1.409985
2477	1.404414
2478	1.414103
2479	1.405383
2480	1.400784
2481	1.400163
2482	1.415070
2483	1.405544
2484	1.412124
2485	1.404857
2486	1.411696
2487	1.394172
2488	1.423180
2489	1.402380
2490	1.414801
2491	1.406021
2492	1.415914
2493	1.407092
2494	1.410278
2495	1.409871
2496	1.414995
2497	1.405221
2498	1.399184
2499	1.423610
2500	1.400479
2501	1.404120
2502	1.419557
2503	1.418689
2504	1.403987
2505	1.401486
2506	1.422503
2507	1.406265
2508	1.404165
2509	1.408196
2510	1.420329
2511	1.401433
2512	1.417155
2513	1.404790
2514	1.406753
2515	1.410882
2516	1.414340
2517	1.402258
2518	1.414149
2519	1.410912
2520	1.411209
2521	1.400010
2522	1.417273
2523	1.413504
2524	1.418679
2525	1.395470
2526	1.428344
2527	1.384544
2528	1.417917
2529	1.401023
2530	1.425881
2531	1.406088
2532	1.416594
2533	1.410506
2534	1.421440
2535	1.401829
2536	1.404177
2537	1.410876
2538	1.403049
2539	1.402555
2540	1.409465
2541	1.409725
2542	1.405001
2543	1.410115
2544	1.428295
2545	1.412684
2546	1.403414
2547	1.413531
2548	1.424016
2549	1.399204
2550	1.404861
2551	1.410232
2552	1.417664
2553	1.401034
2554	1.407875
2555	1.426790
2556	1.401076
2557	1.405123
2558	1.407127
2559	1.415079
2560	1.400151
