0	1.433682
1	1.440974
2	1.436364
3	1.425485
4	1.454013
5	1.434406
6	1.454060
7	1.447327
8	1.450176
9	1.452739
10	1.428162
11	1.456232
12	1.434926
13	1.447624
14	1.448392
15	1.434203
16	1.441707
17	1.420272
18	1.428300
19	1.437496
20	1.433872
21	1.445906
22	1.423023
23	1.445860
24	1.415327
25	1.438498
26	1.437449
27	1.441620
28	1.453911
29	1.424544
30	1.453433
31	1.443923
32	1.442070
33	1.439355
34	1.439137
35	1.461044
36	1.451108
37	1.438809
38	1.431572
39	1.427069
40	1.447570
41	1.440931
42	1.443657
43	1.433630
44	1.432094
45	1.434031
46	1.433113
47	1.437428
48	1.435895
49	1.444710
50	1.453668
51	1.440787
52	1.440158
53	1.444302
54	1.447000
55	1.441213
56	1.445506
57	1.456394
58	1.450362
59	1.431094
60	1.418936
61	1.437234
62	1.442544
63	1.443758
64	1.437927
65	1.430752
66	1.434463
67	1.434211
68	1.446396
69	1.450837
70	1.455615
71	1.437615
72	1.447289
73	1.443754
74	1.448936
75	1.440042
76	1.431219
77	1.450339
78	1.455984
79	1.446445
80	1.423825
81	1.422834
82	1.439165
83	1.452695
84	1.452170
85	1.440923
86	1.418877
87	1.416437
88	1.434636
89	1.436969
90	1.439065
91	1.437700
92	1.428361
93	1.441045
94	1.430370
95	1.451988
96	1.432347
97	1.439677
98	1.455494
99	1.449846
100	1.457969
101	1.419810
102	1.438460
103	1.440558
104	1.454285
105	1.465979
106	1.426742
107	1.441867
108	1.423169
109	1.431477
110	1.436363
111	1.434287
112	1.446136
113	1.434742
114	1.446595
115	1.431026
116	1.443779
117	1.447797
118	1.460491
119	1.454428
120	1.443359
121	1.446737
122	1.448171
123	1.431536
124	1.439685
125	1.450102
126	1.464684
127	1.449332
128	1.425707
129	1.429422
130	1.439517
131	1.449872
132	1.439523
133	1.432727
134	1.426291
135	1.437691
136	1.442604
137	1.437815
138	1.445769
139	1.449381
140	1.448808
141	1.440049
142	1.443819
143	1.452477
144	1.446633
145	1.443927
146	1.446200
147	1.451270
148	1.442272
149	1.422274
150	1.429100
151	1.442192
152	1.440758
153	1.426869
154	1.425584
155	1.437136
156	1.437402
157	1.445498
158	1.433590
159	1.435887
160	1.457144
161	1.439263
162	1.454610
163	1.446293
164	1.461577
165	1.439094
166	1.429266
167	1.462443
168	1.439730
169	1.451379
170	1.425591
171	1.446440
172	1.445416
173	1.427686
174	1.438352
175	1.421054
176	1.441525
177	1.420950
178	1.434621
179	1.433591
180	1.429452
181	1.447514
182	1.423558
183	1.447574
184	1.448231
185	1.455780
186	1.447077
187	1.429266
188	1.458704
189	1.445338
190	1.440925
191	1.433095
192	1.444609
193	1.453054
194	1.445406
195	1.436221
196	1.423696
197	1.434583
198	1.429103
199	1.434651
200	1.440222
201	1.438326
202	1.445379
203	1.423813
204	1.442088
205	1.459730
206	1.452618
207	1.448833
208	1.438433
209	1.460863
210	1.443648
211	1.437288
212	1.445889
213	1.446355
214	1.458678
215	1.418373
216	1.441196
217	1.427518
218	1.434023
219	1.432875
220	1.418394
221	1.446089
222	1.423390
223	1.439906
224	1.446174
225	1.445352
226	1.465161
227	1.432522
228	1.434660
229	1.448723
230	1.452784
231	1.468867
232	1.428375
233	1.444636
234	1.433787
235	1.435581
236	1.452189
237	1.434678
238	1.467682
239	1.423965
240	1.432937
241	1.442531
242	1.433287
243	1.446473
244	1.418600
245	1.464648
246	1.436654
247	1.429526
248	1.421044
249	1.433852
250	1.475595
251	1.449098
252	1.458283
253	1.449881
254	1.429159
255	1.433150
256	1.430390
257	1.465635
258	1.462445
259	1.445149
260	1.425104
261	1.427588
262	1.429690
263	1.426003
264	1.438194
265	1.455767
266	1.452457
267	1.425357
268	1.414664
269	1.440158
270	1.443733
271	1.457538
272	1.455935
273	1.456692
274	1.432695
275	1.410388
276	1.440801
277	1.449320
278	1.459801
279	1.425584
280	1.435039
281	1.421236
282	1.423709
283	1.415820
284	1.418203
285	1.451431
286	1.448133
287	1.444520
288	1.432995
289	1.435830
290	1.449417
291	1.441446
292	1.457831
293	1.465571
294	1.467921
295	1.447626
296	1.429998
297	1.441982
298	1.457750
299	1.437973
300	1.431988
301	1.425660
302	1.434042
303	1.421200
304	1.429047
305	1.430826
306	1.451270
307	1.437446
308	1.426530
309	1.442018
310	1.446812
311	1.469689
312	1.453188
313	1.445080
314	1.454821
315	1.440290
316	1.440050
317	1.438161
318	1.456235
319	1.442582
320	1.428372
321	1.424189
322	1.424185
323	1.437927
324	1.409688
325	1.430935
326	1.430151
327	1.438913
328	1.433645
329	1.426800
330	1.444040
331	1.421119
332	1.450526
333	1.450382
334	1.467521
335	1.469767
336	1.432137
337	1.434862
338	1.435756
339	1.463750
340	1.441330
341	1.428160
342	1.454440
343	1.420569
344	1.441576
345	1.407484
346	1.436008
347	1.450011
348	1.428313
349	1.436010
350	1.427519
351	1.455160
352	1.434211
353	1.431984
354	1.464964
355	1.451830
356	1.449900
357	1.422667
358	1.456147
359	1.453840
360	1.453803
361	1.443871
362	1.446749
363	1.447713
364	1.425040
365	1.432332
366	1.435773
367	1.456347
368	1.424895
369	1.417130
370	1.429893
371	1.442018
372	1.447196
373	1.431787
374	1.435309
375	1.453383
376	1.457457
377	1.437269
378	1.429173
379	1.443546
380	1.440707
381	1.454200
382	1.451609
383	1.461469
384	1.436745
385	1.430820
386	1.449111
387	1.454741
388	1.456929
389	1.434579
390	1.419361
391	1.430768
392	1.445767
393	1.440724
394	1.413298
395	1.431989
396	1.442170
397	1.434902
398	1.441930
399	1.428435
400	1.447756
401	1.435872
402	1.444315
403	1.464237
404	1.445519
405	1.438145
406	1.422751
407	1.448928
408	1.458059
409	1.442545
410	1.438900
411	1.429554
412	1.442354
413	1.435993
414	1.420820
415	1.435264
416	1.443707
417	1.452669
418	1.437341
419	1.434455
420	1.439692
421	1.430647
422	1.464073
423	1.437120
424	1.459503
425	1.440073
426	1.447731
427	1.443531
428	1.430182
429	1.457716
430	1.426188
431	1.461602
432	1.420210
433	1.435888
434	1.426177
435	1.424680
436	1.427926
437	1.420557
438	1.451709
439	1.423074
440	1.441887
441	1.430644
442	1.445596
443	1.457392
444	1.437917
445	1.447694
446	1.418552
447	1.451460
448	1.439497
449	1.460570
450	1.437255
451	1.442095
452	1.435704
453	1.430501
454	1.436737
455	1.420268
456	1.449634
457	1.441654
458	1.434427
459	1.426489
460	1.428983
461	1.444716
462	1.438326
463	1.451072
464	1.449026
465	1.453620
466	1.435903
467	1.425080
468	1.444285
469	1.456361
470	1.450203
471	1.439350
472	1.446982
473	1.440506
474	1.438630
475	1.436622
476	1.430315
477	1.440840
478	1.437232
479	1.452050
480	1.432525
481	1.431332
482	1.422842
483	1.428866
484	1.435022
485	1.442153
486	1.440622
487	1.434430
488	1.449671
489	1.441119
490	1.441619
491	1.458111
492	1.455443
493	1.456160
494	1.427519
495	1.444908
496	1.451085
497	1.436781
498	1.445312
499	1.435293
500	1.444444
501	1.413396
502	1.426852
503	1.448718
504	1.429142
505	1.434827
506	1.418268
507	1.448524
508	1.440120
509	1.441153
510	1.447889
511	1.450702
512	1.472113
513	1.429533
514	1.445338
515	1.445628
516	1.446689
517	1.430220
518	1.421535
519	1.447589
520	1.425619
521	1.441859
522	1.414477
523	1.438522
524	1.419813
525	1.467357
526	1.423002
527	1.422536
528	1.421025
529	1.434175
530	1.467758
531	1.424259
532	1.441565
533	1.423266
534	1.437189
535	1.427301
536	1.427312
537	1.445681
538	1.439922
539	1.451068
540	1.404357
541	1.437344
542	1.445018
543	1.429117
544	1.431165
545	1.421581
546	1.460921
547	1.419303
548	1.426535
549	1.409480
550	1.445699
551	1.458070
552	1.418773
553	1.441140
554	1.429969
555	1.444193
556	1.413875
557	1.411176
558	1.444217
559	1.454041
560	1.452153
561	1.424335
562	1.421702
563	1.433886
564	1.462679
565	1.436856
566	1.444180
567	1.436299
568	1.424974
569	1.431974
570	1.420002
571	1.435711
572	1.431075
573	1.442271
574	1.443617
575	1.439285
576	1.419711
577	1.428778
578	1.427928
579	1.443311
580	1.436171
581	1.447970
582	1.444449
583	1.412284
584	1.425807
585	1.416224
586	1.443931
587	1.422318
588	1.446039
589	1.454776
590	1.427149
591	1.434906
592	1.406440
593	1.443761
594	1.426051
595	1.427524
596	1.461397
597	1.439704
598	1.455986
599	1.408744
600	1.437264
601	1.434957
602	1.428969
603	1.405685
604	1.440240
605	1.430661
606	1.420720
607	1.450485
608	1.440301
609	1.458736
610	1.432778
611	1.432405
612	1.451877
613	1.409182
614	1.430379
615	1.425480
616	1.457872
617	1.463331
618	1.429458
619	1.452185
620	1.422249
621	1.439778
622	1.420184
623	1.417903
624	1.451836
625	1.416505
626	1.438784
627	1.457000
628	1.435143
629	1.444902
630	1.430993
631	1.424457
632	1.427608
633	1.413996
634	1.459197
635	1.436666
636	1.446485
637	1.451556
638	1.426053
639	1.449343
640	1.414362
641	1.444403
642	1.416206
643	1.426870
644	1.418946
645	1.432708
646	1.465853
647	1.441114
648	1.432117
649	1.439260
650	1.437889
651	1.451669
652	1.436073
653	1.427921
654	1.408723
655	1.426899
656	1.445985
657	1.439595
658	1.450439
659	1.431752
660	1.448759
661	1.442683
662	1.420585
663	1.429956
664	1.423119
665	1.439759
666	1.424870
667	1.431716
668	1.451413
669	1.443820
670	1.455567
671	1.431141
672	1.442174
673	1.422552
674	1.410828
675	1.441090
676	1.434543
677	1.443920
678	1.419411
679	1.448354
680	1.469003
681	1.447976
682	1.433768
683	1.440145
684	1.428757
685	1.441710
686	1.423312
687	1.433454
688	1.431137
689	1.448011
690	1.445196
691	1.435303
692	1.438178
693	1.436000
694	1.451346
695	1.435488
696	1.429345
697	1.431743
698	1.427351
699	1.435511
700	1.435533
701	1.443053
702	1.439834
703	1.430527
704	1.437404
705	1.458003
706	1.461570
707	1.427449
708	1.424670
709	1.429059
710	1.433315
711	1.436795
712	1.410090
713	1.433802
714	1.441696
715	1.446126
716	1.451402
717	1.441461
718	1.459871
719	1.444584
720	1.440140
721	1.441064
722	1.416295
723	1.443726
724	1.453158
725	1.452822
726	1.451741
727	1.432651
728	1.440111
729	1.430929
730	1.438981
731	1.443411
732	1.449078
733	1.439397
734	1.425271
735	1.438294
736	1.434263
737	1.449441
738	1.444438
739	1.451350
740	1.460281
741	1.432432
742	1.435903
743	1.435871
744	1.447850
745	1.452057
746	1.426665
747	1.437914
748	1.437728
749	1.443277
750	1.437638
751	1.447932
752	1.444056
753	1.434886
754	1.438841
755	1.440980
756	1.463784
757	1.442550
758	1.443195
759	1.437691
760	1.440767
761	1.458107
762	1.432181
763	1.446563
764	1.433625
765	1.448783
766	1.436946
767	1.441492
768	1.436904
769	1.434769
770	1.429558
771	1.436812
772	1.448586
773	1.464945
774	1.444612
775	1.439191
776	1.433110
777	1.434777
778	1.448650
779	1.458025
780	1.434255
781	1.444109
782	1.429092
783	1.433370
784	1.430817
785	1.438670
786	1.454370
787	1.439997
788	1.444372
789	1.447400
790	1.462100
791	1.442443
792	1.445179
793	1.423063
794	1.444597
795	1.449813
796	1.458259
797	1.461879
798	1.432167
799	1.429522
800	1.419911
801	1.465446
802	1.437912
803	1.444184
804	1.430594
805	1.457227
806	1.446433
807	1.422921
808	1.445205
809	1.447416
810	1.462771
811	1.440346
812	1.456677
813	1.453998
814	1.464636
815	1.458565
816	1.454499
817	1.462633
818	1.450071
819	1.447990
820	1.428566
821	1.452640
822	1.461089
823	1.460472
824	1.454464
825	1.445527
826	1.463288
827	1.436181
828	1.442941
829	1.424653
830	1.458034
831	1.445472
832	1.446061
833	1.459432
834	1.449463
835	1.445582
836	1.430274
837	1.431669
838	1.420120
839	1.447276
840	1.419928
841	1.443216
842	1.437558
843	1.462662
844	1.452871
845	1.457923
846	1.446760
847	1.447451
848	1.436435
849	1.439402
850	1.454098
851	1.447540
852	1.458054
853	1.450705
854	1.473060
855	1.446701
856	1.477998
857	1.451869
858	1.476770
859	1.443118
860	1.444679
861	1.424705
862	1.456607
863	1.440528
864	1.471633
865	1.450665
866	1.455954
867	1.439568
868	1.457831
869	1.448611
870	1.441061
871	1.434242
872	1.438890
873	1.447992
874	1.433878
875	1.448179
876	1.417937
877	1.450229
878	1.452301
879	1.454594
880	1.447597
881	1.446946
882	1.463499
883	1.451220
884	1.466149
885	1.440327
886	1.436875
887	1.427087
888	1.455704
889	1.438213
890	1.449843
891	1.431490
892	1.440778
893	1.449321
894	1.432538
895	1.432907
896	1.452045
897	1.446542
898	1.445285
899	1.468408
900	1.445913
901	1.486802
902	1.449252
903	1.448130
904	1.440263
905	1.459108
906	1.466793
907	1.448954
908	1.448258
909	1.448243
910	1.462707
911	1.431258
912	1.435132
913	1.436117
914	1.448640
915	1.451094
916	1.445055
917	1.455296
918	1.446227
919	1.458180
920	1.440592
921	1.462913
922	1.460230
923	1.483733
924	1.454849
925	1.436489
926	1.500591
927	1.471774
928	1.470691
929	1.441897
930	1.491457
931	1.494230
932	1.451991
933	1.468260
934	1.458496
935	1.481624
936	1.465093
937	1.461355
938	1.462763
939	1.468561
940	1.466558
941	1.435460
942	1.445011
943	1.453592
944	1.471495
945	1.431929
946	1.424529
947	1.454395
948	1.426828
949	1.449321
950	1.420419
951	1.434039
952	1.438199
953	1.436440
954	1.444777
955	1.412106
956	1.444581
957	1.423949
958	1.440932
959	1.415912
960	1.447351
961	1.446328
962	1.429093
963	1.465059
964	1.448012
965	1.441170
966	1.460883
967	1.449716
968	1.442349
969	1.432235
970	1.454992
971	1.444729
972	1.461865
973	1.456973
974	1.460877
975	1.466802
976	1.472722
977	1.472055
978	1.438655
979	1.460729
980	1.477200
981	1.460682
982	1.456862
983	1.466960
984	1.485780
985	1.479685
986	1.456068
987	1.469239
988	1.470633
989	1.460341
990	1.455986
991	1.453023
992	1.467110
993	1.485412
994	1.462468
995	1.478576
996	1.475785
997	1.462749
998	1.457174
999	1.455241
1000	1.460508
1001	1.498346
1002	1.466731
1003	1.464250
1004	1.481541
1005	1.458907
1006	1.478307
1007	1.478612
1008	1.469515
1009	1.469787
1010	1.488933
1011	1.455513
1012	1.458741
1013	1.493967
1014	1.460204
1015	1.454463
1016	1.491176
1017	1.480174
1018	1.461510
1019	1.457894
1020	1.476429
1021	1.456025
1022	1.457354
1023	1.483593
1024	1.442181
1025	1.456929
1026	1.496301
1027	1.479417
1028	1.455532
1029	1.487482
1030	1.459685
1031	1.442269
1032	1.476088
1033	1.466274
1034	1.479616
1035	1.458544
1036	1.480047
1037	1.460376
1038	1.466371
1039	1.482169
1040	1.470806
1041	1.467841
1042	1.467060
1043	1.485743
1044	1.454769
1045	1.476672
1046	1.469809
1047	1.468703
1048	1.460889
1049	1.477774
1050	1.463770
1051	1.447388
1052	1.483118
1053	1.454838
1054	1.470424
1055	1.463661
1056	1.490092
1057	1.468690
1058	1.466286
1059	1.485024
1060	1.461564
1061	1.462894
1062	1.454869
1063	1.470627
1064	1.472459
1065	1.450031
1066	1.483849
1067	1.469923
1068	1.449037
1069	1.477733
1070	1.450395
1071	1.462942
1072	1.479052
1073	1.444766
1074	1.465614
1075	1.481725
1076	1.452256
1077	1.441043
1078	1.454685
1079	1.498576
1080	1.457288
1081	1.466699
1082	1.492102
1083	1.466838
1084	1.465997
1085	1.472853
1086	1.447069
1087	1.483070
1088	1.475070
1089	1.429237
1090	1.477998
1091	1.467722
1092	1.457351
1093	1.467166
1094	1.476371
1095	1.470721
1096	1.471784
1097	1.461531
1098	1.490277
1099	1.449697
1100	1.440634
1101	1.462914
1102	1.448993
1103	1.435138
1104	1.455338
1105	1.448547
1106	1.483295
1107	1.479075
1108	1.425676
1109	1.481015
1110	1.486945
1111	1.451961
1112	1.448179
1113	1.458784
1114	1.462520
1115	1.452855
1116	1.430622
1117	1.464309
1118	1.469833
1119	1.451858
1120	1.463039
1121	1.493053
1122	1.471539
1123	1.453770
1124	1.467551
1125	1.471887
1126	1.454388
1127	1.448827
1128	1.480088
1129	1.459095
1130	1.453410
1131	1.484241
1132	1.456107
1133	1.476070
1134	1.473405
1135	1.458707
1136	1.471882
1137	1.466898
1138	1.461980
1139	1.462122
1140	1.478816
1141	1.466876
1142	1.461389
1143	1.461225
1144	1.500741
1145	1.435024
1146	1.477798
1147	1.476100
1148	1.455767
1149	1.448511
1150	1.486812
1151	1.443711
1152	1.479182
1153	1.455574
1154	1.479585
1155	1.479032
1156	1.435306
1157	1.495100
1158	1.493265
1159	1.457262
1160	1.476227
1161	1.475262
1162	1.462925
1163	1.487000
1164	1.445970
1165	1.478808
1166	1.489368
1167	1.435681
1168	1.465931
1169	1.487289
1170	1.455776
1171	1.481190
1172	1.485752
1173	1.465732
1174	1.483983
1175	1.464087
1176	1.474054
1177	1.497841
1178	1.455366
1179	1.460183
1180	1.492393
1181	1.454850
1182	1.456787
1183	1.467199
1184	1.463697
1185	1.477844
1186	1.468701
1187	1.458779
1188	1.471676
1189	1.486766
1190	1.453508
1191	1.473484
1192	1.486762
1193	1.450466
1194	1.473236
1195	1.449807
1196	1.454897
1197	1.492581
1198	1.453678
1199	1.458736
1200	1.502400
1201	1.466237
1202	1.468233
1203	1.505498
1204	1.468071
1205	1.465373
1206	1.486409
1207	1.452292
1208	1.464000
1209	1.492288
1210	1.454258
1211	1.492656
1212	1.484963
1213	1.472488
1214	1.475840
1215	1.507215
1216	1.462322
1217	1.464251
1218	1.508118
1219	1.465235
1220	1.451360
1221	1.484861
1222	1.460395
1223	1.470383
1224	1.475287
1225	1.492029
1226	1.490186
1227	1.458898
1228	1.474951
1229	1.480293
1230	1.487854
1231	1.464292
1232	1.475399
1233	1.505482
1234	1.478079
1235	1.464261
1236	1.487240
1237	1.510053
1238	1.477995
1239	1.448143
1240	1.486203
1241	1.483513
1242	1.450647
1243	1.478287
1244	1.493855
1245	1.491452
1246	1.494633
1247	1.486178
1248	1.479378
1249	1.465234
1250	1.481918
1251	1.486788
1252	1.476427
1253	1.491601
1254	1.495358
1255	1.503678
1256	1.442810
1257	1.464112
1258	1.496126
1259	1.459667
1260	1.476434
1261	1.516942
1262	1.453458
1263	1.465865
1264	1.490804
1265	1.440479
1266	1.469981
1267	1.506772
1268	1.441181
1269	1.476100
1270	1.515823
1271	1.452561
1272	1.483186
1273	1.498187
1274	1.454510
1275	1.471169
1276	1.500320
1277	1.461361
1278	1.466026
1279	1.485395
1280	1.457159
1281	1.494355
1282	1.517500
1283	1.450892
1284	1.467474
1285	1.524548
1286	1.456279
1287	1.451965
1288	1.531737
1289	1.481671
1290	1.440832
1291	1.493729
1292	1.476715
1293	1.456505
1294	1.471798
1295	1.502107
1296	1.478415
1297	1.475332
1298	1.495041
1299	1.480036
1300	1.489836
1301	1.496663
1302	1.472916
1303	1.485905
1304	1.480575
1305	1.445890
1306	1.464031
1307	1.509484
1308	1.463510
1309	1.480733
1310	1.484986
1311	1.471144
1312	1.474671
1313	1.479483
1314	1.483937
1315	1.496893
1316	1.492350
1317	1.481262
1318	1.454485
1319	1.473152
1320	1.492627
1321	1.476453
1322	1.486223
1323	1.483855
1324	1.511903
1325	1.488891
1326	1.477069
1327	1.492802
1328	1.490654
1329	1.454359
1330	1.475376
1331	1.511241
1332	1.482662
1333	1.471799
1334	1.507700
1335	1.490491
1336	1.474022
1337	1.486860
1338	1.468211
1339	1.477825
1340	1.496294
1341	1.468406
1342	1.446486
1343	1.512753
1344	1.508759
1345	1.467244
1346	1.501990
1347	1.500256
1348	1.476260
1349	1.475910
1350	1.481072
1351	1.481149
1352	1.458647
1353	1.489789
1354	1.502016
1355	1.471129
1356	1.474633
1357	1.481349
1358	1.501897
1359	1.473774
1360	1.485590
1361	1.508432
1362	1.463887
1363	1.487554
1364	1.518880
1365	1.473031
1366	1.461429
1367	1.520553
1368	1.481162
1369	1.454930
1370	1.499342
1371	1.496488
1372	1.454689
1373	1.494506
1374	1.513360
1375	1.457898
1376	1.456738
1377	1.523067
1378	1.509262
1379	1.460210
1380	1.483239
1381	1.510420
1382	1.486498
1383	1.494563
1384	1.497807
1385	1.469916
1386	1.482959
1387	1.519462
1388	1.476575
1389	1.464804
1390	1.492942
1391	1.498204
1392	1.494341
1393	1.475127
1394	1.488795
1395	1.492962
1396	1.473447
1397	1.487461
1398	1.516520
1399	1.488023
1400	1.462090
1401	1.504271
1402	1.502019
1403	1.487953
1404	1.478153
1405	1.489660
1406	1.493211
1407	1.455751
1408	1.481263
1409	1.519517
1410	1.499537
1411	1.462378
1412	1.506969
1413	1.521125
1414	1.500721
1415	1.501512
1416	1.503735
1417	1.479352
1418	1.475966
1419	1.489527
1420	1.486719
1421	1.476655
1422	1.498129
1423	1.520840
1424	1.464351
1425	1.479782
1426	1.540635
1427	1.497089
1428	1.464939
1429	1.501928
1430	1.510108
1431	1.486585
1432	1.471601
1433	1.498761
1434	1.509182
1435	1.495985
1436	1.499221
1437	1.492264
1438	1.468879
1439	1.471377
1440	1.501234
1441	1.502781
1442	1.509031
1443	1.512857
1444	1.493541
1445	1.481493
1446	1.470686
1447	1.467727
1448	1.487588
1449	1.506695
1450	1.492424
1451	1.524239
1452	1.520413
1453	1.505886
1454	1.486005
1455	1.467588
1456	1.475752
1457	1.507132
1458	1.497672
1459	1.462093
1460	1.481070
1461	1.528041
1462	1.509637
1463	1.479366
1464	1.516053
1465	1.499972
1466	1.478255
1467	1.487769
1468	1.519275
1469	1.500578
1470	1.492352
1471	1.511944
1472	1.487624
1473	1.503387
1474	1.493222
1475	1.512417
1476	1.509205
1477	1.483046
1478	1.477948
1479	1.513968
1480	1.486451
1481	1.492928
1482	1.520255
1483	1.519591
1484	1.510023
1485	1.492045
1486	1.485539
1487	1.480097
1488	1.469981
1489	1.525404
1490	1.514414
1491	1.481621
1492	1.507807
1493	1.501441
1494	1.468893
1495	1.477129
1496	1.531967
1497	1.479850
1498	1.490720
1499	1.522738
1500	1.517515
1501	1.478762
1502	1.518897
1503	1.558369
1504	1.478098
1505	1.473119
1506	1.501695
1507	1.508153
1508	1.495977
1509	1.487495
1510	1.538311
1511	1.528811
1512	1.481366
1513	1.497579
1514	1.485431
1515	1.499410
1516	1.506267
1517	1.491118
1518	1.524049
1519	1.525057
1520	1.510031
1521	1.496802
1522	1.491512
1523	1.453016
1524	1.500629
1525	1.535636
1526	1.527578
1527	1.521908
1528	1.511359
1529	1.501341
1530	1.461239
1531	1.488890
1532	1.517483
1533	1.495242
1534	1.508518
1535	1.526044
1536	1.505300
1537	1.487408
1538	1.496111
1539	1.515561
1540	1.512204
1541	1.486715
1542	1.510298
1543	1.485448
1544	1.505655
1545	1.486319
1546	1.507078
1547	1.520190
1548	1.520802
1549	1.527973
1550	1.495902
1551	1.500341
1552	1.494115
1553	1.509086
1554	1.519286
1555	1.490955
1556	1.524651
1557	1.507504
1558	1.492578
1559	1.504906
1560	1.492216
1561	1.497327
1562	1.516609
1563	1.499406
1564	1.522866
1565	1.552805
1566	1.502147
1567	1.486221
1568	1.510790
1569	1.499403
1570	1.515918
1571	1.508144
1572	1.509726
1573	1.521243
1574	1.503153
1575	1.502095
1576	1.512744
1577	1.516877
1578	1.480093
1579	1.499088
1580	1.547352
1581	1.527596
1582	1.507203
1583	1.499499
1584	1.510978
1585	1.509317
1586	1.510273
1587	1.519499
1588	1.521965
1589	1.507099
1590	1.480954
1591	1.473747
1592	1.501112
1593	1.494769
1594	1.512360
1595	1.529595
1596	1.548726
1597	1.515104
1598	1.484377
1599	1.527179
1600	1.509244
1601	1.516430
1602	1.522188
1603	1.512068
1604	1.513855
1605	1.533769
1606	1.490182
1607	1.520447
1608	1.539125
1609	1.515857
1610	1.521489
1611	1.495312
1612	1.514838
1613	1.517859
1614	1.529745
1615	1.526388
1616	1.465905
1617	1.535858
1618	1.529235
1619	1.458845
1620	1.527600
1621	1.503840
1622	1.493103
1623	1.522380
1624	1.535421
1625	1.510250
1626	1.521196
1627	1.523260
1628	1.505584
1629	1.497493
1630	1.517111
1631	1.550229
1632	1.510304
1633	1.493678
1634	1.528273
1635	1.516792
1636	1.511044
1637	1.512016
1638	1.509857
1639	1.536715
1640	1.525450
1641	1.505719
1642	1.514967
1643	1.525170
1644	1.531672
1645	1.552668
1646	1.536244
1647	1.537518
1648	1.503373
1649	1.489946
1650	1.512779
1651	1.531256
1652	1.523950
1653	1.538832
1654	1.530939
1655	1.479357
1656	1.517074
1657	1.494839
1658	1.496635
1659	1.534652
1660	1.563101
1661	1.524795
1662	1.507750
1663	1.489051
1664	1.511636
1665	1.493044
1666	1.585565
1667	1.569314
1668	1.504725
1669	1.527458
1670	1.513725
1671	1.486927
1672	1.519137
1673	1.550341
1674	1.541818
1675	1.516212
1676	1.496449
1677	1.502003
1678	1.509812
1679	1.528974
1680	1.549060
1681	1.542757
1682	1.483088
1683	1.523110
1684	1.532934
1685	1.563489
1686	1.516055
1687	1.492570
1688	1.524392
1689	1.541706
1690	1.532567
1691	1.543050
1692	1.525218
1693	1.536212
1694	1.522827
1695	1.522897
1696	1.526149
1697	1.557782
1698	1.495919
1699	1.517568
1700	1.516522
1701	1.522965
1702	1.546074
1703	1.558999
1704	1.497488
1705	1.518935
1706	1.556738
1707	1.488695
1708	1.541514
1709	1.571921
1710	1.510116
1711	1.509841
1712	1.551473
1713	1.481953
1714	1.515508
1715	1.547121
1716	1.514054
1717	1.514290
1718	1.575420
1719	1.510579
1720	1.507753
1721	1.549496
1722	1.516837
1723	1.540823
1724	1.554794
1725	1.536837
1726	1.527289
1727	1.561102
1728	1.513995
1729	1.560979
1730	1.502660
1731	1.545498
1732	1.556847
1733	1.497850
1734	1.524291
1735	1.548341
1736	1.527129
1737	1.543519
1738	1.529086
1739	1.513741
1740	1.554461
1741	1.559930
1742	1.527484
1743	1.569731
1744	1.516585
1745	1.500921
1746	1.579392
1747	1.564636
1748	1.520235
1749	1.504901
1750	1.523157
1751	1.526474
1752	1.562802
1753	1.490247
1754	1.530018
1755	1.535109
1756	1.538409
1757	1.552538
1758	1.542351
1759	1.513638
1760	1.547600
1761	1.550389
1762	1.541051
1763	1.563934
1764	1.505522
1765	1.558717
1766	1.558654
1767	1.531502
1768	1.540249
1769	1.540172
1770	1.535681
1771	1.560308
1772	1.526501
1773	1.537261
1774	1.567823
1775	1.501537
1776	1.574351
1777	1.524720
1778	1.526374
1779	1.564297
1780	1.552926
1781	1.508494
1782	1.563259
1783	1.546923
1784	1.506829
1785	1.577807
1786	1.546848
1787	1.540647
1788	1.555515
1789	1.523664
1790	1.532839
1791	1.586452
1792	1.532528
1793	1.558807
1794	1.563618
1795	1.505603
1796	1.546802
1797	1.542561
1798	1.531938
1799	1.556718
1800	1.536917
1801	1.566493
1802	1.531723
1803	1.558639
1804	1.536211
1805	1.547075
1806	1.572607
1807	1.544041
1808	1.561815
1809	1.576436
1810	1.535908
1811	1.547781
1812	1.560529
1813	1.537359
1814	1.571535
1815	1.531837
1816	1.585968
1817	1.523022
1818	1.511480
1819	1.589946
1820	1.545082
1821	1.565308
1822	1.559478
1823	1.519481
1824	1.587857
1825	1.523371
1826	1.544284
1827	1.560097
1828	1.567650
1829	1.557699
1830	1.534386
1831	1.530295
1832	1.552426
1833	1.563904
1834	1.539733
1835	1.570205
1836	1.541517
1837	1.543545
1838	1.558531
1839	1.542663
1840	1.561166
1841	1.531606
1842	1.552070
1843	1.606651
1844	1.525766
1845	1.598268
1846	1.520425
1847	1.565561
1848	1.559033
1849	1.567410
1850	1.550149
1851	1.573611
1852	1.568424
1853	1.557605
1854	1.593154
1855	1.575174
1856	1.522279
1857	1.564352
1858	1.590737
1859	1.569995
1860	1.550191
1861	1.603733
1862	1.548931
1863	1.572357
1864	1.570334
1865	1.569977
1866	1.568087
1867	1.550280
1868	1.564604
1869	1.564113
1870	1.554204
1871	1.599551
1872	1.532153
1873	1.569217
1874	1.564570
1875	1.578430
1876	1.567364
1877	1.567170
1878	1.552179
1879	1.557889
1880	1.555969
1881	1.599522
1882	1.572997
1883	1.565055
1884	1.594394
1885	1.589673
1886	1.566595
1887	1.558973
1888	1.587498
1889	1.541105
1890	1.583731
1891	1.529040
1892	1.594634
1893	1.566451
1894	1.581888
1895	1.566532
1896	1.588543
1897	1.563664
1898	1.565897
1899	1.595460
1900	1.582955
1901	1.545741
1902	1.591737
1903	1.556654
1904	1.604568
1905	1.542285
1906	1.614921
1907	1.564611
1908	1.560272
1909	1.559269
1910	1.600804
1911	1.581680
1912	1.548766
1913	1.579001
1914	1.599960
1915	1.536900
1916	1.590944
1917	1.586753
1918	1.582646
1919	1.569319
1920	1.605585
1921	1.574667
1922	1.544259
1923	1.657927
1924	1.571958
1925	1.590867
1926	1.571254
1927	1.598868
1928	1.573320
1929	1.638411
1930	1.564158
1931	1.574498
1932	1.576790
1933	1.613561
1934	1.581126
1935	1.566629
1936	1.578088
1937	1.617275
1938	1.556101
1939	1.604891
1940	1.590511
1941	1.547862
1942	1.594501
1943	1.655524
1944	1.583797
1945	1.551184
1946	1.606755
1947	1.620751
1948	1.560368
1949	1.593421
1950	1.594170
1951	1.577004
1952	1.571998
1953	1.586744
1954	1.625685
1955	1.601913
1956	1.585804
1957	1.604011
1958	1.593467
1959	1.554918
1960	1.632427
1961	1.652674
1962	1.539349
1963	1.607918
1964	1.586246
1965	1.626504
1966	1.597473
1967	1.598522
1968	1.607052
1969	1.608440
1970	1.613960
1971	1.551224
1972	1.603012
1973	1.605986
1974	1.673761
1975	1.582639
1976	1.557393
1977	1.669919
1978	1.597965
1979	1.605473
1980	1.563568
1981	1.568145
1982	1.663586
1983	1.567664
1984	1.620237
1985	1.624899
1986	1.612467
1987	1.565596
1988	1.600022
1989	1.566457
1990	1.628816
1991	1.634809
1992	1.565909
1993	1.677717
1994	1.599991
1995	1.597749
1996	1.583066
1997	1.589097
1998	1.594410
1999	1.600831
2000	1.598797
2001	1.596902
2002	1.613336
2003	1.637809
2004	1.617163
2005	1.613774
2006	1.643406
2007	1.613563
2008	1.634528
2009	1.590913
2010	1.577129
2011	1.644823
2012	1.585234
2013	1.627835
2014	1.644500
2015	1.660460
2016	1.577543
2017	1.578922
2018	1.644481
2019	1.606818
2020	1.673525
2021	1.580608
2022	1.631562
2023	1.646892
2024	1.611884
2025	1.675872
2026	1.588605
2027	1.589109
2028	1.659384
2029	1.610966
2030	1.611664
2031	1.636388
2032	1.615862
2033	1.621469
2034	1.607259
2035	1.625649
2036	1.614370
2037	1.638209
2038	1.600151
2039	1.610634
2040	1.657855
2041	1.702384
2042	1.669781
2043	1.657768
2044	1.591347
2045	1.608402
2046	1.661734
2047	1.599183
2048	1.639210
2049	1.624926
2050	1.656741
2051	1.675883
2052	1.598670
2053	1.660603
2054	1.638280
2055	1.663802
2056	1.646322
2057	1.631247
2058	1.644879
2059	1.641007
2060	1.693707
2061	1.704519
2062	1.661042
2063	1.636758
2064	1.661397
2065	1.645025
2066	1.666303
2067	1.636602
2068	1.651206
2069	1.633066
2070	1.621808
2071	1.650437
2072	1.641834
2073	1.641412
2074	1.605413
2075	1.631218
2076	1.669278
2077	1.649025
2078	1.667976
2079	1.626728
2080	1.608685
2081	1.614626
2082	1.670861
2083	1.635084
2084	1.642802
2085	1.662413
2086	1.628047
2087	1.706481
2088	1.679165
2089	1.702642
2090	1.704764
2091	1.692322
2092	1.692371
2093	1.634119
2094	1.635980
2095	1.646626
2096	1.670266
2097	1.676149
2098	1.691740
2099	1.690384
2100	1.675717
2101	1.687555
2102	1.662484
2103	1.690019
2104	1.672103
2105	1.655842
2106	1.658206
2107	1.689487
2108	1.621650
2109	1.651743
2110	1.727186
2111	1.632970
2112	1.686870
2113	1.689005
2114	1.651139
2115	1.642709
2116	1.636001
2117	1.645198
2118	1.657893
2119	1.684276
2120	1.666188
2121	1.697497
2122	1.681561
2123	1.753873
2124	1.758372
2125	1.703010
2126	1.701941
2127	1.689846
2128	1.767356
2129	1.743596
2130	1.708701
2131	1.812093
2132	1.669463
2133	1.672960
2134	1.704991
2135	1.747582
2136	1.746098
2137	1.669330
2138	1.780031
2139	1.740778
2140	1.729077
2141	1.734373
2142	1.690010
2143	1.669541
2144	1.707200
2145	1.739959
2146	1.694140
2147	1.704219
2148	1.706173
2149	1.699102
2150	1.733746
2151	1.719842
2152	1.679959
2153	1.749281
2154	1.676999
2155	1.663581
2156	1.715194
2157	1.714724
2158	1.694056
2159	1.670629
2160	1.673340
2161	1.726364
2162	1.712282
2163	1.761482
2164	1.792915
2165	1.682226
2166	1.703154
2167	1.702441
2168	1.759085
2169	1.741239
2170	1.789756
2171	1.713389
2172	1.722318
2173	1.737113
2174	1.781343
2175	1.796445
2176	1.786547
2177	1.719327
2178	1.713518
2179	1.741049
2180	1.709695
2181	1.740096
2182	1.757940
2183	1.730197
2184	1.705043
2185	1.759132
2186	1.722445
2187	1.786288
2188	1.757891
2189	1.649918
2190	1.757414
2191	1.797659
2192	1.775100
2193	1.788326
2194	1.652887
2195	1.653581
2196	1.731074
2197	1.742645
2198	1.724024
2199	1.747985
2200	1.793941
2201	1.724656
2202	1.744381
2203	1.833430
2204	1.732829
2205	1.768808
2206	1.745996
2207	1.813206
2208	1.811351
2209	1.833477
2210	1.814813
2211	1.764102
2212	1.795536
2213	1.935152
2214	1.799746
2215	1.774531
2216	1.700275
2217	1.761670
2218	1.835783
2219	1.791292
2220	1.777443
2221	1.789517
2222	1.825586
2223	1.868713
2224	1.822907
2225	1.872231
2226	1.831558
2227	1.766001
2228	1.856358
2229	1.745464
2230	1.769359
2231	1.861217
2232	1.728554
2233	1.871555
2234	1.815087
2235	1.903380
2236	1.838572
2237	1.824043
2238	1.732874
2239	1.813832
2240	1.712489
2241	1.842270
2242	1.820426
2243	1.958637
2244	1.860731
2245	1.933896
2246	1.869337
2247	1.980060
2248	1.964131
2249	1.823831
2250	1.959072
2251	1.898482
2252	1.931535
2253	1.801667
2254	1.915405
2255	1.904457
2256	1.937434
2257	2.003151
2258	1.795322
2259	1.917605
2260	1.891716
2261	1.800203
2262	1.847976
2263	1.852522
2264	1.953533
2265	1.701287
2266	1.822098
2267	1.975056
2268	1.880557
2269	1.799361
2270	1.871892
2271	2.046624
2272	1.813553
2273	1.886252
2274	1.849355
2275	1.949913
2276	1.811934
2277	1.940511
2278	1.982127
2279	1.915516
2280	1.745743
2281	1.982887
2282	1.951016
2283	1.883379
2284	2.041575
2285	1.986931
2286	1.951088
2287	1.917569
2288	2.021322
2289	1.901367
2290	2.028581
2291	1.947386
2292	1.959945
2293	2.084314
2294	1.859778
2295	1.978855
2296	1.937808
2297	2.045978
2298	1.954786
2299	1.988679
2300	1.968161
2301	1.911611
2302	1.937273
2303	1.988006
2304	2.001704
2305	1.936255
2306	2.006875
2307	2.019380
2308	2.004068
2309	1.887143
2310	2.055408
2311	1.975954
2312	2.105161
2313	1.887688
2314	1.832079
2315	2.056905
2316	1.903195
2317	2.146798
2318	1.874033
2319	2.081593
2320	1.978083
2321	1.992668
2322	2.134484
2323	2.031469
2324	1.950333
2325	2.130469
2326	2.057598
2327	2.101367
2328	2.026270
2329	2.088278
2330	2.043695
2331	2.094787
2332	1.981720
2333	2.194425
2334	1.909001
2335	2.077782
2336	2.051166
2337	2.093597
2338	2.051984
2339	1.937463
2340	2.154123
2341	1.999321
2342	2.096129
2343	1.896063
2344	2.022664
2345	2.105902
2346	1.949935
2347	2.106967
2348	2.098107
2349	2.063896
2350	2.031407
2351	1.973535
2352	2.153460
2353	2.023517
2354	2.068141
2355	2.133941
2356	2.090196
2357	2.060354
2358	2.183295
2359	2.232058
2360	2.143144
2361	2.109797
2362	2.176551
2363	2.156211
2364	2.099312
2365	2.187539
2366	2.145417
2367	2.085633
2368	2.100496
2369	2.137385
2370	2.146636
2371	2.117038
2372	2.161268
2373	2.149254
2374	2.187368
2375	2.167622
2376	2.122666
2377	2.132693
2378	2.071155
2379	2.158725
2380	2.155534
2381	2.172769
2382	2.236429
2383	2.101233
2384	2.121246
2385	2.264678
2386	2.192769
2387	2.128760
2388	2.070955
2389	2.112400
2390	2.234076
2391	2.113357
2392	2.161672
2393	2.174856
2394	2.214583
2395	2.234177
2396	2.127824
2397	2.193343
2398	2.102632
2399	2.141281
2400	2.249280
2401	2.249212
2402	2.227665
2403	2.260541
2404	2.273459
2405	2.295482
2406	2.230860
2407	2.293416
2408	2.213223
2409	2.246306
2410	2.223203
2411	2.210445
2412	2.248040
2413	2.258511
2414	2.248310
2415	2.237975
2416	2.157731
2417	2.306013
2418	2.276215
2419	2.222934
2420	2.311767
2421	2.330353
2422	2.220428
2423	2.250976
2424	2.217997
2425	2.257379
2426	2.290677
2427	2.111586
2428	2.368438
2429	2.242751
2430	2.263130
2431	2.215934
2432	2.208122
2433	2.294075
2434	2.293947
2435	2.144299
2436	2.358524
2437	2.188889
2438	2.230737
2439	2.213345
2440	2.200454
2441	2.349530
2442	2.286661
2443	2.229055
2444	2.257003
2445	2.332158
2446	2.316542
2447	2.349060
2448	2.287220
2449	2.261246
2450	2.312444
2451	2.219668
2452	2.305200
2453	2.287265
2454	2.219915
2455	2.295624
2456	2.342947
2457	2.365666
2458	2.355241
2459	2.279035
2460	2.296671
2461	2.290236
2462	2.346124
2463	2.350108
2464	2.253977
2465	2.324237
2466	2.349586
2467	2.321758
2468	2.289540
2469	2.366475
2470	2.283267
2471	2.249276
2472	2.362682
2473	2.273257
2474	2.392792
2475	2.275218
2476	2.158183
2477	2.424043
2478	2.257912
2479	2.215613
2480	2.326234
2481	2.331772
2482	2.448227
2483	2.279468
2484	2.279335
2485	2.356210
2486	2.326840
2487	2.234180
2488	2.440904
2489	2.270562
2490	2.388028
2491	2.302514
2492	2.402348
2493	2.381532
2494	2.307823
2495	2.296637
2496	2.311590
2497	2.327437
2498	2.345755
2499	2.330096
2500	2.324679
2501	2.433628
2502	2.340577
2503	2.328297
2504	2.264656
2505	2.290314
2506	2.399751
2507	2.314939
2508	2.332920
2509	2.268373
2510	2.355942
2511	2.331113
2512	2.387362
2513	2.351849
2514	2.271685
2515	2.351465
2516	2.324732
2517	2.381559
2518	2.335839
2519	2.376106
2520	2.321043
2521	2.320781
2522	2.431761
2523	2.484595
2524	2.355295
2525	2.359884
2526	2.281965
2527	2.419391
2528	2.381902
2529	2.293153
2530	2.410242
2531	2.410388
2532	2.383190
2533	2.386645
2534	2.318094
2535	2.356336
2536	2.371274
2537	2.286829
2538	2.395085
2539	2.347128
2540	2.393394
2541	2.377023
2542	2.322276
2543	2.441086
2544	2.426646
2545	2.420869
2546	2.369739
2547	2.445068
2548	2.386800
2549	2.340366
2550	2.297880
2551	2.362922
2552	2.416517
2553	2.335230
2554	2.317157
2555	2.360706
2556	2.377165
2557	2.396664
2558	2.273310
2559	2.441936
2560	2.411672
