0	0.944904
1	1.009340
2	0.999776
3	1.115177
4	1.009980
5	1.039292
6	1.081563
7	0.979750
8	1.070428
9	1.114344
10	0.992922
11	1.020060
12	1.107574
13	1.018102
14	1.003791
15	1.121111
16	1.108872
17	0.947185
18	1.073887
19	1.128383
20	1.040921
21	0.993730
22	1.056775
23	1.021812
24	1.069746
25	1.004791
26	1.028938
27	1.055564
28	1.058043
29	0.993002
30	1.096197
31	1.004968
32	1.030660
33	1.091540
34	1.009985
35	1.060220
36	1.051421
37	1.033704
38	1.070847
39	1.005671
40	1.071192
41	1.093452
42	0.997058
43	1.038635
44	1.087127
45	1.031731
46	1.030498
47	1.023577
48	1.030094
49	0.992693
50	1.029683
51	1.015214
52	1.004035
53	1.050263
54	1.007751
55	1.021759
56	1.088446
57	1.027755
58	0.982780
59	1.025582
60	0.994846
61	1.061893
62	1.020669
63	1.004482
64	1.039555
65	1.016553
66	1.082638
67	0.987843
68	1.034731
69	1.062768
70	1.000049
71	1.116269
72	0.982331
73	1.099429
74	1.033530
75	1.019749
76	1.070163
77	1.017579
78	1.051675
79	1.020951
80	1.011791
81	1.041533
82	1.054229
83	1.030485
84	1.034858
85	0.985300
86	1.102731
87	1.005696
88	1.053070
89	1.000830
90	1.084537
91	0.971129
92	1.109660
93	0.980189
94	1.002397
95	1.122945
96	1.111323
97	1.087915
98	0.928458
99	1.114573
100	0.982253
101	0.997972
102	1.139755
103	0.940447
104	1.085439
105	1.004098
106	0.974986
107	1.115548
108	1.145894
109	0.990332
110	1.062773
111	1.115985
112	0.986970
113	1.151118
114	0.965599
115	0.983447
116	1.143788
117	0.996872
118	0.988027
119	1.072961
120	1.012627
121	1.019005
122	1.152113
123	0.954274
124	1.053733
125	1.074308
126	0.945247
127	1.077230
128	1.034398
129	1.073364
130	0.978559
131	1.082912
132	1.030120
133	1.098669
134	1.074236
135	0.954192
136	1.076141
137	1.025841
138	1.080390
139	0.975405
140	1.059734
141	1.031762
142	1.025339
143	1.061302
144	1.013292
145	1.033276
146	1.019560
147	1.024916
148	1.051342
149	1.030384
150	1.043074
151	1.011402
152	1.084451
153	1.028787
154	1.053312
155	1.055866
156	0.962257
157	0.983089
158	1.103543
159	1.025642
160	0.997825
161	1.086298
162	0.972318
163	1.050432
164	1.091627
165	0.970810
166	1.073640
167	1.040621
168	1.039350
169	1.057287
170	0.975981
171	1.102591
172	0.976613
173	1.083171
174	1.032345
175	0.990993
176	1.069715
177	0.993465
178	0.962361
179	1.097250
180	1.055151
181	0.977064
182	1.082866
183	1.038402
184	1.021305
185	1.053996
186	1.067251
187	0.961644
188	1.059946
189	0.993852
190	1.029521
191	1.007874
192	1.112267
193	0.992570
194	1.047743
195	1.005114
196	1.052515
197	1.062214
198	0.997675
199	1.054933
200	1.044856
201	0.989690
202	1.084919
203	1.061015
204	1.033555
205	1.084091
206	1.058386
207	1.007406
208	1.023887
209	1.138364
210	1.095235
211	1.001509
212	1.072613
213	1.010542
214	1.007668
215	1.080600
216	1.029716
217	0.968948
218	1.049956
219	1.042660
220	1.019113
221	1.102425
222	1.038811
223	0.989844
224	1.094452
225	0.998284
226	1.068091
227	1.002520
228	1.009819
229	1.076651
230	0.988263
231	1.029636
232	1.099084
233	0.970634
234	1.103991
235	1.009391
236	1.034366
237	1.023245
238	1.075527
239	1.010930
240	1.002449
241	1.073336
242	1.000339
243	1.023246
244	1.049910
245	1.022136
246	1.051072
247	1.022605
248	1.022865
249	1.059937
250	1.061712
251	0.971539
252	1.074550
253	1.021814
254	1.038466
255	1.043374
256	1.025769
257	1.082248
258	0.992955
259	0.978161
260	1.086054
261	1.034594
262	1.018452
263	1.058607
264	0.970722
265	1.083475
266	1.129305
267	1.010085
268	1.017483
269	1.079258
270	0.965343
271	1.078396
272	1.121645
273	0.957456
274	1.066254
275	1.053691
276	1.009428
277	1.038003
278	1.028649
279	1.006995
280	1.087498
281	0.975314
282	1.094480
283	1.078236
284	0.982647
285	1.028596
286	1.067818
287	1.048398
288	1.072197
289	1.024728
290	0.992173
291	1.085719
292	1.050379
293	1.031378
294	1.071085
295	1.045089
296	0.998639
297	1.100595
298	1.031687
299	1.030557
300	1.089038
301	1.009288
302	0.993604
303	1.112492
304	1.006613
305	1.070292
306	1.090612
307	0.956906
308	1.094302
309	0.993310
310	0.996192
311	1.092234
312	0.978479
313	1.097918
314	1.001162
315	0.992371
316	1.132204
317	1.055455
318	1.048778
319	1.007427
320	1.109923
321	1.032135
322	0.993678
323	1.096802
324	1.016866
325	0.983946
326	1.087308
327	1.063905
328	1.037641
329	0.987821
330	1.066511
331	1.056826
332	1.013209
333	1.029416
334	0.997042
335	1.062781
336	1.039867
337	1.007532
338	1.058742
339	1.072620
340	0.956695
341	1.102296
342	1.073981
343	0.977768
344	1.153513
345	1.078561
346	1.021919
347	1.050356
348	1.063465
349	1.023850
350	1.048068
351	1.053162
352	1.025676
353	1.013266
354	1.116041
355	1.024233
356	1.060851
357	1.058691
358	1.034351
359	1.059983
360	1.065377
361	1.088749
362	0.995316
363	1.078156
364	1.051160
365	1.000419
366	1.133527
367	0.960153
368	1.051195
369	1.074399
370	0.974056
371	1.105390
372	0.987340
373	1.032794
374	1.090522
375	0.991379
376	1.062964
377	1.072202
378	1.003168
379	1.114790
380	0.980068
381	1.019906
382	1.057761
383	1.033143
384	1.065954
385	1.018862
386	0.968257
387	1.032653
388	1.034852
389	1.155796
390	1.000243
391	1.044966
392	1.048258
393	0.980423
394	1.103778
395	1.035228
396	1.012821
397	1.173809
398	1.018373
399	0.979185
400	1.084428
401	1.093234
402	0.989713
403	1.040294
404	1.081690
405	1.006627
406	1.009687
407	1.106954
408	0.979230
409	1.039034
410	1.065269
411	0.963700
412	1.107766
413	1.047886
414	0.991517
415	1.032684
416	1.036944
417	1.065409
418	1.004943
419	1.086605
420	0.991412
421	1.041150
422	1.059811
423	0.990427
424	1.077652
425	1.003888
426	1.038821
427	1.070605
428	0.977382
429	1.076107
430	1.003183
431	1.045299
432	0.954963
433	1.079926
434	1.013999
435	1.014354
436	1.097007
437	0.938324
438	1.124368
439	0.972414
440	1.107686
441	1.051883
442	1.023516
443	1.048558
444	1.037373
445	1.064980
446	1.006363
447	1.081846
448	1.018143
449	1.011424
450	1.086707
451	0.993145
452	1.116507
453	0.956086
454	1.092693
455	1.064210
456	1.005373
457	1.084142
458	1.026040
459	0.998504
460	1.020329
461	1.035707
462	1.091471
463	1.121745
464	0.939268
465	0.964125
466	1.176458
467	1.128095
468	1.010359
469	0.962390
470	1.091313
471	1.103940
472	0.983855
473	1.156645
474	0.971721
475	1.030415
476	1.078172
477	0.964904
478	1.120804
479	0.979290
480	1.064490
481	1.019203
482	0.936948
483	1.146366
484	0.954230
485	0.918961
486	1.152868
487	0.992429
488	0.995552
489	1.094770
490	1.085707
491	1.025234
492	1.089005
493	1.033494
494	0.960190
495	1.062704
496	1.095726
497	1.027372
498	1.027612
499	1.064328
500	1.009369
501	1.012401
502	1.069406
503	1.033047
504	0.984189
505	1.110558
506	1.002919
507	1.024705
508	1.020516
509	0.961478
510	1.110774
511	1.021479
512	1.019002
513	1.066677
514	1.093879
515	1.079016
516	1.047135
517	1.022566
518	1.053943
519	1.001032
520	1.044330
521	0.923746
522	0.907079
523	0.871591
524	0.837219
525	0.868439
526	0.909669
527	0.925528
528	0.911361
529	0.884052
530	0.837303
531	0.845546
532	0.877004
533	0.914855
534	0.932608
535	0.922171
536	0.882005
537	0.851294
538	0.838756
539	0.858163
540	0.891618
541	0.887891
542	0.909272
543	0.918826
544	0.875091
545	0.840114
546	0.856604
547	0.884241
548	0.913019
549	0.886523
550	0.836735
551	0.860611
552	0.902751
553	0.910405
554	0.882221
555	0.854113
556	0.850182
557	0.899833
558	0.895260
559	0.875702
560	0.849193
561	0.885453
562	0.889635
563	0.866472
564	0.853568
565	0.855380
566	0.859194
567	0.870637
568	0.898308
569	0.877226
570	0.871821
571	0.877242
572	0.875628
573	0.880737
574	0.894424
575	0.887672
576	0.897055
577	0.896658
578	0.868496
579	0.858678
580	0.862435
581	0.850760
582	0.873728
583	0.912111
584	0.912556
585	0.898993
586	0.865663
587	0.880965
588	0.913208
589	0.933755
590	0.908188
591	0.873618
592	0.869868
593	0.888549
594	0.930069
595	0.915702
596	0.890639
597	0.866595
598	0.900295
599	0.925237
600	0.920701
601	0.911035
602	0.867874
603	0.962158
604	0.878367
605	0.899962
606	0.914137
607	0.929075
608	0.929125
609	0.862810
610	0.907055
611	0.916703
612	0.949226
613	0.869262
614	0.882220
615	0.913003
616	0.919208
617	0.905034
618	0.894092
619	0.938209
620	0.904329
621	0.926511
622	0.858391
623	0.957443
624	0.906570
625	0.924577
626	0.868623
627	0.915380
628	0.907179
629	0.877295
630	0.896253
631	0.926975
632	0.937315
633	0.916909
634	0.877159
635	0.930405
636	0.892485
637	0.910559
638	0.910535
639	0.922834
640	0.919130
641	0.923576
642	0.863544
643	0.894831
644	1.005902
645	0.974915
646	0.887247
647	0.855575
648	0.980065
649	0.928628
650	0.953080
651	0.954589
652	0.917604
653	0.968310
654	0.979433
655	0.958455
656	0.929811
657	0.870829
658	0.999658
659	0.980937
660	0.976823
661	0.939725
662	0.924328
663	0.878222
664	0.935810
665	0.949293
666	0.930746
667	0.895133
668	0.930774
669	0.947986
670	0.943373
671	0.947691
672	0.938207
673	0.890371
674	0.880270
675	0.921115
676	0.974810
677	0.973043
678	0.925537
679	0.893429
680	0.936568
681	1.013342
682	1.023640
683	1.036397
684	0.998783
685	1.109838
686	1.193937
687	1.197226
688	1.106509
689	0.919847
690	0.856220
691	0.957955
692	0.982533
693	0.985433
694	1.072827
695	1.130977
696	1.098354
697	1.073040
698	1.079533
699	1.135829
700	1.123464
701	1.131057
702	1.126215
703	1.121743
704	1.161991
705	1.144004
706	1.004490
707	0.961449
708	0.962556
709	0.913340
710	0.946582
711	0.951066
712	0.860064
713	0.944530
714	1.054393
715	1.044948
716	1.012486
717	1.101410
718	1.038830
719	0.932958
720	0.923345
721	0.969456
722	1.088998
723	1.017219
724	1.004455
725	1.118828
726	0.981731
727	0.963681
728	1.124854
729	0.999754
730	1.044658
731	1.080363
732	1.019261
733	1.013812
734	1.048027
735	1.049150
736	1.035536
737	1.028779
738	1.043646
739	0.968466
740	1.022107
741	1.110479
742	0.987446
743	1.036394
744	1.035709
745	0.990794
746	1.030833
747	1.030049
748	1.099990
749	1.017329
750	1.018227
751	1.063190
752	1.000906
753	1.067683
754	0.979642
755	1.049391
756	1.102267
757	1.020702
758	1.053632
759	1.133469
760	1.043108
761	1.221308
762	1.164968
763	1.048831
764	1.107790
765	1.122446
766	1.113967
767	1.157632
768	1.038288
769	1.123621
770	1.159009
771	1.044429
772	1.063152
773	1.011465
774	1.044506
775	1.128998
776	1.041679
777	1.083461
778	1.144751
779	1.133429
780	1.054831
781	1.126003
782	1.137622
783	1.111033
784	1.087145
785	1.099463
786	1.108995
787	1.109677
788	1.089308
789	1.084473
790	1.122655
791	1.127481
792	1.039607
793	1.115763
794	1.123965
795	1.023409
796	1.154342
797	1.162494
798	1.080630
799	1.055353
800	1.069079
801	1.015401
802	1.281621
803	1.121324
804	1.227581
805	1.059670
806	1.161708
807	1.093662
808	1.114856
809	1.238739
810	1.204841
811	1.154743
812	1.089600
813	1.149638
814	1.206674
815	1.181054
816	1.181087
817	1.161082
818	1.163847
819	1.137086
820	1.071302
821	1.126936
822	1.185776
823	1.176901
824	1.186060
825	1.154001
826	1.114791
827	1.085001
828	1.136465
829	1.264359
830	1.114792
831	1.143343
832	1.245003
833	1.231634
834	1.092347
835	1.117755
836	1.120809
837	1.189537
838	1.221923
839	1.096426
840	1.202698
841	1.165879
842	1.147982
843	1.276952
844	1.221618
845	1.219896
846	1.203764
847	1.237655
848	1.204509
849	1.157197
850	1.215502
851	1.176427
852	1.207204
853	1.121547
854	1.199869
855	1.197264
856	1.228114
857	1.154814
858	1.229745
859	1.198152
860	1.262986
861	1.162827
862	1.163004
863	1.218888
864	1.247244
865	1.125198
866	1.130582
867	1.228245
868	1.230516
869	1.076798
870	1.219150
871	1.214024
872	1.113954
873	1.323779
874	1.166500
875	1.129136
876	1.317156
877	1.144580
878	1.234607
879	1.194832
880	1.111298
881	1.264075
882	1.193669
883	1.240930
884	1.262685
885	1.225998
886	1.148192
887	1.167009
888	1.112728
889	1.298740
890	1.231568
891	1.205339
892	1.275291
893	1.174405
894	1.178700
895	1.204142
896	1.060537
897	1.267129
898	1.235197
899	1.267374
900	1.343795
901	1.189038
902	1.183177
903	1.266735
904	1.093486
905	1.180077
906	1.218899
907	1.261293
908	1.335077
909	1.203465
910	1.148336
911	1.255828
912	1.136496
913	1.165623
914	1.162194
915	1.256493
916	1.331198
917	1.339355
918	1.192266
919	1.163678
920	1.067399
921	1.296905
922	1.359361
923	1.308919
924	1.182527
925	1.170365
926	1.299054
927	1.249582
928	1.142562
929	1.244672
930	1.250665
931	1.223680
932	1.216783
933	1.225647
934	1.287521
935	1.127345
936	1.185673
937	1.263157
938	1.272253
939	1.251573
940	1.329784
941	1.293545
942	1.273775
943	1.261148
944	1.196820
945	1.271953
946	1.230792
947	1.317481
948	1.321141
949	1.230421
950	1.258738
951	1.236784
952	1.225433
953	1.240897
954	1.302897
955	1.165626
956	1.223937
957	1.216287
958	1.318979
959	1.286525
960	1.220572
961	1.247050
962	1.343215
963	1.343502
964	1.265610
965	1.326329
966	1.262661
967	1.242771
968	1.171270
969	1.280388
970	1.245106
971	1.245885
972	1.261322
973	1.324783
974	1.230125
975	1.260454
976	1.287409
977	1.268744
978	1.380175
979	1.271961
980	1.214460
981	1.282482
982	1.280996
983	1.209195
984	1.228368
985	1.246741
986	1.306715
987	1.223688
988	1.211633
989	1.217943
990	1.251776
991	1.259351
992	1.182159
993	1.370667
994	1.234773
995	1.322481
996	1.212902
997	1.257929
998	1.330623
999	1.213442
1000	1.258735
1001	1.375036
1002	1.312316
1003	1.310945
1004	1.269369
1005	1.119596
1006	1.179015
1007	1.355137
1008	1.153447
1009	1.273940
1010	1.315096
1011	1.185031
1012	1.240099
1013	1.313448
1014	1.283197
1015	1.195709
1016	1.300543
1017	1.346040
1018	1.222855
1019	1.233621
1020	1.234202
1021	1.275775
1022	1.221320
1023	1.312726
1024	1.195788
1025	1.199084
1026	1.258923
1027	1.243056
1028	1.226504
1029	1.316288
1030	1.225117
1031	1.213240
1032	1.350747
1033	1.291456
1034	1.205968
1035	1.176302
1036	1.277519
1037	1.254050
1038	1.199851
1039	1.291233
1040	1.318158
1041	1.273499
1042	1.194530
1043	1.260576
1044	1.236749
1045	1.307232
1046	1.138404
1047	1.353006
1048	1.185350
1049	1.281641
1050	1.251098
1051	1.271264
1052	1.318642
1053	1.202546
1054	1.387836
1055	1.196882
1056	1.296444
1057	1.293450
1058	1.313023
1059	1.365280
1060	1.125591
1061	1.331339
1062	1.282569
1063	1.278623
1064	1.311232
1065	1.353145
1066	1.353137
1067	1.264477
1068	1.227224
1069	1.343991
1070	1.320195
1071	1.315192
1072	1.332291
1073	1.418784
1074	1.358736
1075	1.287042
1076	1.297905
1077	1.401221
1078	1.335217
1079	1.362587
1080	1.374456
1081	1.387509
1082	1.265817
1083	1.298420
1084	1.329107
1085	1.301394
1086	1.365293
1087	1.384650
1088	1.366061
1089	1.400450
1090	1.353293
1091	1.371721
1092	1.340743
1093	1.266300
1094	1.371629
1095	1.332558
1096	1.382955
1097	1.440742
1098	1.447245
1099	1.368922
1100	1.437014
1101	1.398013
1102	1.300931
1103	1.316342
1104	1.313818
1105	1.302892
1106	1.343141
1107	1.325711
1108	1.350715
1109	1.383624
1110	1.437183
1111	1.352584
1112	1.301830
1113	1.308562
1114	1.298200
1115	1.374930
1116	1.389355
1117	1.419193
1118	1.399976
1119	1.349761
1120	1.325564
1121	1.437176
1122	1.376654
1123	1.358414
1124	1.349972
1125	1.286380
1126	1.402087
1127	1.368695
1128	1.488654
1129	1.397681
1130	1.462396
1131	1.455042
1132	1.431749
1133	1.311936
1134	1.367653
1135	1.397773
1136	1.336675
1137	1.471629
1138	1.425694
1139	1.536269
1140	1.353727
1141	1.360805
1142	1.389324
1143	1.363117
1144	1.309002
1145	1.443716
1146	1.293978
1147	1.363104
1148	1.423650
1149	1.388386
1150	1.467476
1151	1.428538
1152	1.315153
1153	1.329983
1154	1.316338
1155	1.216518
1156	1.311058
1157	1.329592
1158	1.295543
1159	1.406904
1160	1.401803
1161	1.330652
1162	1.297557
1163	1.276444
1164	1.261871
1165	1.331866
1166	1.282509
1167	1.452122
1168	1.471906
1169	1.390911
1170	1.402867
1171	1.371536
1172	1.311943
1173	1.364911
1174	1.341236
1175	1.364804
1176	1.384609
1177	1.401395
1178	1.489459
1179	1.484934
1180	1.421102
1181	1.358006
1182	1.386084
1183	1.304704
1184	1.299567
1185	1.380643
1186	1.341391
1187	1.356376
1188	1.394630
1189	1.344723
1190	1.402504
1191	1.385614
1192	1.350707
1193	1.408760
1194	1.409560
1195	1.297132
1196	1.327552
1197	1.297735
1198	1.335821
1199	1.477093
1200	1.498565
1201	1.370216
1202	1.409608
1203	1.416221
1204	1.372835
1205	1.407455
1206	1.471584
1207	1.441509
1208	1.398455
1209	1.314219
1210	1.338823
1211	1.351137
1212	1.400774
1213	1.485026
1214	1.370245
1215	1.398357
1216	1.358546
1217	1.403262
1218	1.341094
1219	1.419396
1220	1.380768
1221	1.432860
1222	1.352013
1223	1.344031
1224	1.475347
1225	1.347514
1226	1.268000
1227	1.406972
1228	1.282493
1229	1.312514
1230	1.331722
1231	1.330136
1232	1.444666
1233	1.454989
1234	1.274313
1235	1.407901
1236	1.460402
1237	1.309455
1238	1.515952
1239	1.342825
1240	1.282355
1241	1.355623
1242	1.394885
1243	1.385867
1244	1.330564
1245	1.466337
1246	1.377388
1247	1.237895
1248	1.365793
1249	1.367076
1250	1.386531
1251	1.335083
1252	1.366581
1253	1.439269
1254	1.344316
1255	1.319916
1256	1.456740
1257	1.414622
1258	1.343714
1259	1.397793
1260	1.378732
1261	1.365314
1262	1.537395
1263	1.437853
1264	1.432677
1265	1.410000
1266	1.356868
1267	1.346566
1268	1.294903
1269	1.410382
1270	1.310171
1271	1.518218
1272	1.380116
1273	1.340118
1274	1.336008
1275	1.417935
1276	1.386407
1277	1.362854
1278	1.386151
1279	1.332588
1280	1.419924
1281	1.340115
1282	1.295004
1283	1.445035
1284	1.333897
1285	1.327532
1286	1.442512
1287	1.436065
1288	1.361790
1289	1.401364
1290	1.446031
1291	1.298736
1292	1.424209
1293	1.317802
1294	1.375638
1295	1.312716
1296	1.363456
1297	1.307536
1298	1.359856
1299	1.272108
1300	1.365786
1301	1.341324
1302	1.366948
1303	1.334713
1304	1.347014
1305	1.428682
1306	1.278249
1307	1.348647
1308	1.474789
1309	1.401096
1310	1.352491
1311	1.415575
1312	1.456746
1313	1.379602
1314	1.303868
1315	1.416653
1316	1.379113
1317	1.360736
1318	1.343705
1319	1.481222
1320	1.354767
1321	1.551205
1322	1.343738
1323	1.374356
1324	1.372145
1325	1.346546
1326	1.277132
1327	1.364445
1328	1.363158
1329	1.329282
1330	1.343533
1331	1.518761
1332	1.460609
1333	1.408613
1334	1.475144
1335	1.428978
1336	1.318329
1337	1.401580
1338	1.516245
1339	1.346838
1340	1.264074
1341	1.351736
1342	1.315176
1343	1.262853
1344	1.510409
1345	1.515807
1346	1.369718
1347	1.409579
1348	1.385657
1349	1.437515
1350	1.347999
1351	1.327344
1352	1.477234
1353	1.387431
1354	1.315188
1355	1.366988
1356	1.439902
1357	1.305861
1358	1.403188
1359	1.486136
1360	1.393044
1361	1.327122
1362	1.362904
1363	1.326732
1364	1.317811
1365	1.506852
1366	1.333593
1367	1.398671
1368	1.367078
1369	1.387623
1370	1.461597
1371	1.473340
1372	1.393357
1373	1.374573
1374	1.349884
1375	1.539971
1376	1.420368
1377	1.417700
1378	1.485390
1379	1.543085
1380	1.450104
1381	1.479854
1382	1.405746
1383	1.376551
1384	1.376121
1385	1.308503
1386	1.392077
1387	1.398849
1388	1.467955
1389	1.510193
1390	1.320721
1391	1.385581
1392	1.266292
1393	1.368007
1394	1.383283
1395	1.406764
1396	1.346965
1397	1.447490
1398	1.332026
1399	1.304062
1400	1.397368
1401	1.365381
1402	1.379688
1403	1.437435
1404	1.427183
1405	1.386522
1406	1.342490
1407	1.378377
1408	1.421532
1409	1.359316
1410	1.339453
1411	1.384562
1412	1.476372
1413	1.403804
1414	1.384840
1415	1.369985
1416	1.399626
1417	1.379379
1418	1.360526
1419	1.299387
1420	1.362317
1421	1.451650
1422	1.470904
1423	1.530497
1424	1.442726
1425	1.364671
1426	1.307682
1427	1.483099
1428	1.417400
1429	1.338849
1430	1.429748
1431	1.438394
1432	1.455629
1433	1.336038
1434	1.337633
1435	1.439110
1436	1.491480
1437	1.411410
1438	1.322952
1439	1.387584
1440	1.439407
1441	1.349687
1442	1.342499
1443	1.518533
1444	1.371715
1445	1.498480
1446	1.451245
1447	1.463812
1448	1.303268
1449	1.434138
1450	1.372738
1451	1.362106
1452	1.441804
1453	1.370248
1454	1.448519
1455	1.466390
1456	1.466873
1457	1.426393
1458	1.582761
1459	1.330799
1460	1.327855
1461	1.422555
1462	1.329744
1463	1.353989
1464	1.393348
1465	1.394342
1466	1.347816
1467	1.608054
1468	1.375697
1469	1.500048
1470	1.374078
1471	1.409984
1472	1.406909
1473	1.378182
1474	1.457274
1475	1.342489
1476	1.454571
1477	1.315083
1478	1.396664
1479	1.369338
1480	1.391154
1481	1.338034
1482	1.465386
1483	1.356374
1484	1.389106
1485	1.379473
1486	1.413638
1487	1.356331
1488	1.443852
1489	1.540908
1490	1.509130
1491	1.435316
1492	1.426512
1493	1.433471
1494	1.497402
1495	1.509792
1496	1.289073
1497	1.267970
1498	1.393597
1499	1.330921
1500	1.363481
1501	1.399360
1502	1.356349
1503	1.404186
1504	1.400520
1505	1.435391
1506	1.402940
1507	1.397692
1508	1.400862
1509	1.404729
1510	1.380197
1511	1.346183
1512	1.400599
1513	1.536457
1514	1.513520
1515	1.357794
1516	1.424816
1517	1.413869
1518	1.321840
1519	1.510840
1520	1.474253
1521	1.547829
1522	1.417888
1523	1.301970
1524	1.453126
1525	1.396289
1526	1.361920
1527	1.437595
1528	1.400323
1529	1.559823
1530	1.608846
1531	1.388504
1532	1.387978
1533	1.519864
1534	1.406282
1535	1.444970
1536	1.406847
1537	1.363744
1538	1.553111
1539	1.309294
1540	1.351906
1541	1.471465
1542	1.409564
1543	1.606145
1544	1.530799
1545	1.450965
1546	1.433273
1547	1.401014
1548	1.388299
1549	1.452576
1550	1.398729
1551	1.431655
1552	1.434327
1553	1.428699
1554	1.428117
1555	1.349187
1556	1.407875
1557	1.533632
1558	1.422527
1559	1.445001
1560	1.446540
1561	1.463740
1562	1.498636
1563	1.462245
1564	1.480709
1565	1.410712
1566	1.385837
1567	1.331904
1568	1.573722
1569	1.477551
1570	1.514601
1571	1.336459
1572	1.324334
1573	1.385224
1574	1.395045
1575	1.384636
1576	1.388518
1577	1.506384
1578	1.544139
1579	1.556925
1580	1.419848
1581	1.433093
1582	1.432347
1583	1.376543
1584	1.446480
1585	1.426880
1586	1.488015
1587	1.531870
1588	1.463521
1589	1.501545
1590	1.398022
1591	1.455186
1592	1.537621
1593	1.495423
1594	1.449129
1595	1.420936
1596	1.460640
1597	1.431359
1598	1.446246
1599	1.446872
1600	1.468678
1601	1.507611
1602	1.459773
1603	1.547718
1604	1.450444
1605	1.393883
1606	1.502326
1607	1.445599
1608	1.572242
1609	1.443366
1610	1.377163
1611	1.527759
1612	1.482682
1613	1.466090
1614	1.628214
1615	1.478288
1616	1.529861
1617	1.350969
1618	1.391853
1619	1.500009
1620	1.503997
1621	1.370890
1622	1.488687
1623	1.399785
1624	1.413490
1625	1.588307
1626	1.450365
1627	1.538421
1628	1.465584
1629	1.399353
1630	1.512368
1631	1.427830
1632	1.399096
1633	1.464794
1634	1.412364
1635	1.441696
1636	1.474448
1637	1.420171
1638	1.433254
1639	1.558968
1640	1.498307
1641	1.542028
1642	1.516325
1643	1.427367
1644	1.386541
1645	1.529196
1646	1.441429
1647	1.456688
1648	1.459128
1649	1.457829
1650	1.456736
1651	1.543324
1652	1.412556
1653	1.352416
1654	1.446773
1655	1.395255
1656	1.594920
1657	1.430123
1658	1.556471
1659	1.481084
1660	1.378945
1661	1.502302
1662	1.517715
1663	1.513711
1664	1.398569
1665	1.376234
1666	1.527293
1667	1.463290
1668	1.463089
1669	1.394474
1670	1.469765
1671	1.425837
1672	1.405775
1673	1.482047
1674	1.455903
1675	1.345579
1676	1.453088
1677	1.385082
1678	1.480745
1679	1.497400
1680	1.436638
1681	1.417411
1682	1.527404
1683	1.448960
1684	1.402225
1685	1.562770
1686	1.390544
1687	1.429758
1688	1.555532
1689	1.438800
1690	1.445027
1691	1.512018
1692	1.429523
1693	1.462727
1694	1.420936
1695	1.460510
1696	1.484498
1697	1.481224
1698	1.428604
1699	1.396721
1700	1.436740
1701	1.425841
1702	1.437383
1703	1.470169
1704	1.452009
1705	1.461709
1706	1.562198
1707	1.645880
1708	1.478292
1709	1.455588
1710	1.516219
1711	1.509089
1712	1.416443
1713	1.428064
1714	1.452254
1715	1.372508
1716	1.560110
1717	1.456038
1718	1.526953
1719	1.458765
1720	1.607969
1721	1.521150
1722	1.458724
1723	1.469044
1724	1.438912
1725	1.576971
1726	1.403598
1727	1.537905
1728	1.507879
1729	1.441064
1730	1.502538
1731	1.406220
1732	1.471848
1733	1.521760
1734	1.365511
1735	1.425721
1736	1.491102
1737	1.480433
1738	1.479488
1739	1.601492
1740	1.465323
1741	1.517143
1742	1.521817
1743	1.525401
1744	1.578406
1745	1.468828
1746	1.454013
1747	1.467312
1748	1.448955
1749	1.348890
1750	1.386990
1751	1.422168
1752	1.496280
1753	1.508403
1754	1.497636
1755	1.508925
1756	1.536570
1757	1.501655
1758	1.553865
1759	1.538087
1760	1.473231
1761	1.508271
1762	1.464517
1763	1.575295
1764	1.495240
1765	1.500364
1766	1.464526
1767	1.565601
1768	1.475385
1769	1.484904
1770	1.450142
1771	1.591379
1772	1.572501
1773	1.482124
1774	1.484664
1775	1.557019
1776	1.314824
1777	1.466620
1778	1.750886
1779	1.430767
1780	1.561098
1781	1.445355
1782	1.453378
1783	1.617015
1784	1.443057
1785	1.396765
1786	1.609339
1787	1.494648
1788	1.421716
1789	1.446289
1790	1.449226
1791	1.548917
1792	1.608702
1793	1.453397
1794	1.435046
1795	1.563082
1796	1.450601
1797	1.560415
1798	1.440733
1799	1.527806
1800	1.507538
1801	1.473095
1802	1.446879
1803	1.422944
1804	1.600085
1805	1.461106
1806	1.519176
1807	1.476460
1808	1.490670
1809	1.513643
1810	1.435092
1811	1.574549
1812	1.559676
1813	1.431366
1814	1.564142
1815	1.600431
1816	1.463214
1817	1.630919
1818	1.467934
1819	1.433426
1820	1.591266
1821	1.438845
1822	1.500167
1823	1.586829
1824	1.498089
1825	1.709103
1826	1.451258
1827	1.475988
1828	1.482305
1829	1.433848
1830	1.503719
1831	1.518612
1832	1.518944
1833	1.400194
1834	1.635672
1835	1.522988
1836	1.500256
1837	1.546790
1838	1.385608
1839	1.523685
1840	1.503162
1841	1.396690
1842	1.491456
1843	1.650961
1844	1.497115
1845	1.453421
1846	1.577116
1847	1.642590
1848	1.736694
1849	1.466086
1850	1.448507
1851	1.590822
1852	1.466733
1853	1.577308
1854	1.520319
1855	1.590438
1856	1.390412
1857	1.551475
1858	1.442760
1859	1.602980
1860	1.466696
1861	1.633467
1862	1.489242
1863	1.541503
1864	1.508182
1865	1.484012
1866	1.479259
1867	1.623704
1868	1.672899
1869	1.538168
1870	1.484564
1871	1.542764
1872	1.597155
1873	1.489531
1874	1.595617
1875	1.448717
1876	1.575517
1877	1.488428
1878	1.466019
1879	1.485063
1880	1.498105
1881	1.687709
1882	1.395780
1883	1.510308
1884	1.562329
1885	1.455305
1886	1.450673
1887	1.680839
1888	1.492814
1889	1.502218
1890	1.527320
1891	1.497025
1892	1.530727
1893	1.558368
1894	1.516284
1895	1.458853
1896	1.656745
1897	1.552788
1898	1.548862
1899	1.525026
1900	1.476520
1901	1.587254
1902	1.376668
1903	1.584848
1904	1.441437
1905	1.521086
1906	1.513150
1907	1.566082
1908	1.597743
1909	1.478522
1910	1.520924
1911	1.495600
1912	1.558035
1913	1.538515
1914	1.620111
1915	1.469392
1916	1.595810
1917	1.535931
1918	1.615380
1919	1.686002
1920	1.573299
1921	1.513233
1922	1.585732
1923	1.577306
1924	1.740679
1925	1.523133
1926	1.530473
1927	1.563427
1928	1.460977
1929	1.465817
1930	1.594559
1931	1.568136
1932	1.556834
1933	1.504546
1934	1.538693
1935	1.479261
1936	1.512634
1937	1.490232
1938	1.482140
1939	1.604212
1940	1.571904
1941	1.513543
1942	1.407278
1943	1.653213
1944	1.586346
1945	1.501791
1946	1.536038
1947	1.516309
1948	1.492086
1949	1.556708
1950	1.527857
1951	1.486700
1952	1.647948
1953	1.526472
1954	1.607485
1955	1.677965
1956	1.462704
1957	1.545031
1958	1.495936
1959	1.531186
1960	1.572985
1961	1.471899
1962	1.494123
1963	1.574676
1964	1.491992
1965	1.490582
1966	1.441770
1967	1.652500
1968	1.459359
1969	1.494962
1970	1.504978
1971	1.570759
1972	1.623359
1973	1.716488
1974	1.586477
1975	1.553245
1976	1.608500
1977	1.650550
1978	1.447983
1979	1.581255
1980	1.554876
1981	1.543257
1982	1.601357
1983	1.609627
1984	1.509362
1985	1.495376
1986	1.546365
1987	1.637828
1988	1.560465
1989	1.431697
1990	1.566915
1991	1.452919
1992	1.596131
1993	1.589220
1994	1.462697
1995	1.685396
1996	1.681166
1997	1.523198
1998	1.471794
1999	1.493028
2000	1.419094
2001	1.655751
2002	1.530789
2003	1.552956
2004	1.621554
2005	1.582767
2006	1.779736
2007	1.582815
2008	1.573224
2009	1.481145
2010	1.414707
2011	1.791520
2012	1.523952
2013	1.488980
2014	1.635805
2015	1.487203
2016	1.728189
2017	1.536092
2018	1.551031
2019	1.576500
2020	1.569553
2021	1.633116
2022	1.718512
2023	1.494007
2024	1.487759
2025	1.444614
2026	1.560715
2027	1.580994
2028	1.585387
2029	1.573729
2030	1.496933
2031	1.534749
2032	1.553542
2033	1.466459
2034	1.572455
2035	1.419352
2036	1.610696
2037	1.737189
2038	1.579390
2039	1.631977
2040	1.552088
2041	1.546831
2042	1.486947
2043	1.626137
2044	1.447886
2045	1.509877
2046	1.613773
2047	1.507791
2048	1.624849
2049	1.478883
2050	1.583162
2051	1.531100
2052	1.485554
2053	1.625733
2054	1.666226
2055	1.618542
2056	1.556262
2057	1.691000
2058	1.554787
2059	1.492325
2060	1.503438
2061	1.597532
2062	1.507636
2063	1.570386
2064	1.532670
2065	1.597902
2066	1.658131
2067	1.637645
2068	1.623478
2069	1.556729
2070	1.772635
2071	1.463850
2072	1.641515
2073	1.563812
2074	1.535319
2075	1.671831
2076	1.504753
2077	1.685763
2078	1.579351
2079	1.516412
2080	1.850788
2081	1.708614
2082	1.588275
2083	1.601058
2084	1.496119
2085	1.724050
2086	1.597510
2087	1.504784
2088	1.558991
2089	1.569500
2090	1.605919
2091	1.553899
2092	1.586908
2093	1.524792
2094	1.593521
2095	1.559905
2096	1.587833
2097	1.579465
2098	1.550821
2099	1.601279
2100	1.551260
2101	1.608839
2102	1.520195
2103	1.616462
2104	1.481429
2105	1.423636
2106	1.541936
2107	1.620485
2108	1.514864
2109	1.560145
2110	1.627120
2111	1.591690
2112	1.589238
2113	1.594077
2114	1.550621
2115	1.428205
2116	1.777795
2117	1.700436
2118	1.528282
2119	1.613739
2120	1.477040
2121	1.614742
2122	1.550159
2123	1.572015
2124	1.616861
2125	1.461260
2126	1.794261
2127	1.621103
2128	1.530012
2129	1.537126
2130	1.498474
2131	1.649860
2132	1.704816
2133	1.676177
2134	1.552237
2135	1.709815
2136	1.568647
2137	1.414144
2138	1.692161
2139	1.415408
2140	1.593634
2141	1.746475
2142	1.523942
2143	1.558559
2144	1.590441
2145	1.566324
2146	1.524725
2147	1.582710
2148	1.698195
2149	1.662616
2150	1.511783
2151	1.471777
2152	1.550852
2153	1.785708
2154	1.616300
2155	1.427420
2156	1.670983
2157	1.665964
2158	1.500440
2159	1.511825
2160	1.494471
2161	1.614069
2162	1.554888
2163	1.567263
2164	1.618805
2165	1.621771
2166	1.584309
2167	1.763725
2168	1.566494
2169	1.474717
2170	1.533785
2171	1.552822
2172	1.520915
2173	1.519202
2174	1.645376
2175	1.582584
2176	1.659566
2177	1.666495
2178	1.679729
2179	1.579041
2180	1.568896
2181	1.503658
2182	1.628412
2183	1.834368
2184	1.535457
2185	1.585610
2186	1.551107
2187	1.688101
2188	1.843276
2189	1.518072
2190	1.751982
2191	1.911564
2192	1.654254
2193	1.660670
2194	1.723750
2195	1.551620
2196	1.620780
2197	1.613421
2198	1.525549
2199	1.722593
2200	1.622573
2201	1.669709
2202	1.749653
2203	1.783017
2204	1.556854
2205	1.486583
2206	1.619446
2207	1.742878
2208	1.432271
2209	1.509053
2210	1.744631
2211	1.824642
2212	1.651473
2213	1.563497
2214	1.540744
2215	1.771164
2216	1.752847
2217	1.691112
2218	1.608563
2219	1.698698
2220	1.492462
2221	1.596727
2222	1.802117
2223	1.586280
2224	1.953875
2225	1.645210
2226	1.579728
2227	1.661718
2228	1.708247
2229	1.588089
2230	1.572221
2231	1.718840
2232	1.826338
2233	1.709741
2234	1.522434
2235	1.630827
2236	1.600794
2237	1.836959
2238	1.635339
2239	1.672570
2240	1.577776
2241	1.697663
2242	1.688573
2243	1.632210
2244	1.881715
2245	1.689788
2246	1.677682
2247	1.675213
2248	1.667249
2249	1.518462
2250	1.706512
2251	1.927232
2252	1.665008
2253	1.705297
2254	1.636853
2255	1.689065
2256	1.678894
2257	1.588975
2258	1.738262
2259	1.607950
2260	1.665700
2261	1.545167
2262	1.568705
2263	1.853490
2264	1.722411
2265	1.720836
2266	1.533546
2267	1.753688
2268	1.637149
2269	1.735786
2270	1.580210
2271	1.525267
2272	1.892341
2273	1.632780
2274	1.577188
2275	1.684718
2276	2.079647
2277	1.816973
2278	1.677669
2279	1.700748
2280	1.634996
2281	1.714467
2282	1.591757
2283	1.589328
2284	1.756060
2285	1.911704
2286	1.545988
2287	1.575837
2288	1.647010
2289	1.567075
2290	1.644099
2291	1.775416
2292	1.510730
2293	1.685989
2294	1.774604
2295	1.654620
2296	1.605051
2297	1.541383
2298	1.643197
2299	1.688963
2300	1.512275
2301	1.741313
2302	1.666037
2303	1.936599
2304	1.699132
2305	1.660734
2306	1.607399
2307	1.667291
2308	1.622081
2309	1.675500
2310	1.500417
2311	1.766671
2312	1.608887
2313	1.582199
2314	1.704637
2315	1.612228
2316	1.767692
2317	1.602369
2318	1.543880
2319	1.791276
2320	1.626999
2321	1.710673
2322	1.688470
2323	1.787983
2324	1.541490
2325	1.671466
2326	1.727914
2327	1.683721
2328	1.678046
2329	1.617428
2330	1.676081
2331	1.573258
2332	1.720983
2333	1.657302
2334	1.638718
2335	1.607498
2336	1.858674
2337	1.665637
2338	1.614576
2339	1.667019
2340	1.707537
2341	1.563822
2342	1.754408
2343	1.626889
2344	1.576451
2345	1.527274
2346	1.627116
2347	1.741119
2348	1.685539
2349	1.666771
2350	1.620098
2351	1.574661
2352	1.627183
2353	1.746290
2354	1.666401
2355	1.679462
2356	1.708010
2357	1.668015
2358	1.721457
2359	1.638644
2360	1.577348
2361	1.801107
2362	1.743687
2363	1.740004
2364	1.617011
2365	1.678887
2366	1.532368
2367	1.637723
2368	1.605055
2369	1.741275
2370	1.827374
2371	1.896001
2372	1.703830
2373	1.531575
2374	1.733699
2375	1.791753
2376	1.724775
2377	1.535979
2378	1.677052
2379	1.746751
2380	1.995710
2381	2.073436
2382	1.838852
2383	1.542690
2384	1.587658
2385	1.813707
2386	2.084633
2387	1.737777
2388	1.647535
2389	1.676837
2390	1.932214
2391	1.858677
2392	1.662406
2393	1.723941
2394	1.844267
2395	1.753198
2396	1.671992
2397	1.584306
2398	1.762946
2399	1.730978
2400	1.738437
2401	1.888955
2402	1.652302
2403	1.888924
2404	1.804999
2405	2.258606
2406	2.117043
2407	1.970734
2408	2.001959
2409	1.628407
2410	1.638514
2411	1.730502
2412	1.924279
2413	1.725213
2414	1.707923
2415	1.622136
2416	1.991938
2417	1.716181
2418	1.995944
2419	1.968724
2420	1.720851
2421	1.761519
2422	1.596372
2423	1.947872
2424	1.659629
2425	1.878061
2426	1.852901
2427	1.947419
2428	1.750436
2429	1.710180
2430	1.706409
2431	1.747168
2432	1.724633
2433	1.720062
2434	1.761718
2435	1.642031
2436	1.672621
2437	1.717078
2438	1.628799
2439	1.693247
2440	1.787917
2441	1.784072
2442	1.923352
2443	1.562723
2444	1.745825
2445	1.783341
2446	1.800895
2447	1.776159
2448	1.700953
2449	1.734442
2450	1.845803
2451	2.186073
2452	2.034450
2453	1.711596
2454	1.576259
2455	1.718075
2456	1.746792
2457	1.623684
2458	1.794825
2459	1.986952
2460	1.907283
2461	1.958967
2462	1.752500
2463	1.909634
2464	1.613212
2465	1.774444
2466	1.824861
2467	2.180322
2468	1.937174
2469	1.840471
2470	1.594929
2471	1.692719
2472	1.701085
2473	1.701852
2474	1.714278
2475	1.609689
2476	1.582953
2477	1.641921
2478	1.618375
2479	1.803902
2480	2.015914
2481	2.136209
2482	2.124841
2483	1.931840
2484	1.484882
2485	1.598978
2486	1.708959
2487	1.965380
2488	1.772861
2489	1.644079
2490	1.536566
2491	1.796950
2492	1.828530
2493	1.788924
2494	1.694859
2495	1.719006
2496	1.701744
2497	1.870450
2498	1.945602
2499	1.761341
2500	1.811083
2501	1.633331
2502	1.862453
2503	1.728870
2504	1.833483
2505	1.734557
2506	1.907861
2507	1.596866
2508	1.803576
2509	1.857175
2510	1.831408
2511	1.955912
2512	1.961172
2513	1.783037
2514	1.677803
2515	1.679708
2516	1.662211
2517	1.804986
2518	1.695894
2519	1.871908
2520	2.090419
2521	2.061976
2522	1.805357
2523	1.857655
2524	1.788427
2525	1.584743
2526	1.701051
2527	1.866550
2528	2.226144
2529	2.171982
2530	2.153117
2531	1.714807
2532	1.533768
2533	1.657838
2534	1.750663
2535	1.828056
2536	1.661808
2537	1.749492
2538	1.694332
2539	1.835871
2540	1.740187
2541	1.818047
2542	1.552147
2543	1.740912
2544	2.001026
2545	2.060263
2546	2.104753
2547	1.848000
2548	1.824997
2549	1.682575
2550	1.675681
2551	1.777617
2552	1.752538
2553	1.721603
2554	1.825601
2555	1.706144
2556	1.569691
2557	1.745877
2558	1.757216
2559	2.002620
2560	1.838849
