0	0.957083
1	0.999493
2	0.971900
3	0.947385
4	0.955311
5	1.016990
6	0.974135
7	0.956910
8	0.946610
9	0.997301
10	0.993116
11	0.941159
12	0.964729
13	1.009969
14	0.960749
15	0.989283
16	0.998609
17	0.920034
18	0.965542
19	1.033691
20	0.925522
21	1.000997
22	1.004916
23	0.958945
24	1.042767
25	0.946163
26	0.929646
27	0.991977
28	1.023911
29	0.941246
30	1.011450
31	1.003306
32	1.008083
33	0.955818
34	0.961784
35	0.968650
36	0.982895
37	1.031732
38	0.954130
39	0.990916
40	1.021439
41	0.914244
42	1.003646
43	0.989930
44	0.935195
45	1.022365
46	0.987764
47	0.915191
48	1.017608
49	1.000207
50	0.921716
51	1.012597
52	1.013220
53	0.933031
54	1.005606
55	1.020244
56	0.978616
57	0.916788
58	0.965309
59	0.995931
60	1.026883
61	0.931953
62	0.918436
63	0.918212
64	0.923346
65	0.931159
66	0.929721
67	0.950790
68	0.983007
69	0.997004
70	0.998912
71	1.001804
72	0.998090
73	0.991036
74	0.960662
75	0.944761
76	0.941787
77	0.938161
78	0.944613
79	0.938605
80	0.952372
81	0.962422
82	0.994251
83	0.964426
84	0.940501
85	0.954426
86	1.022281
87	0.984613
88	0.972880
89	1.003931
90	0.973587
91	0.954279
92	0.984697
93	0.987226
94	0.971297
95	0.966438
96	0.981827
97	0.965105
98	0.965078
99	0.981770
100	0.977172
101	0.971392
102	0.950681
103	0.978950
104	0.991648
105	0.980366
106	0.964044
107	0.994915
108	0.963243
109	0.961949
110	0.959738
111	0.983958
112	0.983644
113	0.955112
114	0.991986
115	0.982123
116	0.979563
117	0.979881
118	0.969880
119	0.981128
120	0.972340
121	0.981441
122	0.956366
123	0.984508
124	0.972946
125	0.943545
126	0.935474
127	0.981561
128	0.995764
129	0.965627
130	1.008894
131	0.956180
132	0.937113
133	0.957952
134	1.026695
135	0.941758
136	1.006220
137	0.997317
138	0.956859
139	0.942809
140	1.016649
141	0.964954
142	0.947006
143	0.999335
144	0.980555
145	0.969169
146	0.957404
147	0.982876
148	0.978717
149	0.953149
150	0.946540
151	0.983305
152	0.990783
153	0.942113
154	0.969030
155	0.994512
156	0.980917
157	0.956280
158	0.971236
159	0.991762
160	0.982509
161	0.950330
162	0.961506
163	1.000002
164	0.956729
165	0.941441
166	0.957900
167	1.002121
168	0.970256
169	0.951078
170	0.987248
171	0.981078
172	0.956383
173	0.981515
174	1.002919
175	0.955923
176	0.962996
177	0.984702
178	0.968335
179	0.990238
180	0.962728
181	0.970096
182	0.983906
183	0.987830
184	0.950963
185	0.949090
186	1.025758
187	0.982610
188	0.941235
189	0.971557
190	1.010802
191	0.950748
192	0.956573
193	0.987932
194	1.007065
195	0.962129
196	0.942797
197	1.047993
198	0.918586
199	0.975830
200	1.003728
201	0.931496
202	0.958839
203	0.977274
204	1.005367
205	0.999632
206	1.007956
207	0.986592
208	0.953965
209	1.003359
210	0.987628
211	0.978429
212	0.939976
213	1.023218
214	0.966332
215	0.939244
216	0.969113
217	0.964927
218	0.976683
219	0.961443
220	0.986653
221	0.954073
222	0.960410
223	0.978107
224	0.954105
225	0.987851
226	0.961551
227	0.977742
228	0.976088
229	0.983220
230	0.948174
231	0.969204
232	1.010680
233	0.993028
234	0.953770
235	0.944166
236	0.988538
237	1.016513
238	0.943418
239	0.976822
240	0.998222
241	0.984509
242	0.974438
243	0.965384
244	0.965810
245	0.998103
246	0.983000
247	0.959931
248	0.985138
249	0.970972
250	0.971925
251	0.959549
252	0.972340
253	0.977874
254	0.962339
255	0.971123
256	0.975681
257	0.977124
258	0.984564
259	0.964933
260	0.962142
261	0.969854
262	0.988315
263	0.970704
264	0.981198
265	0.979784
266	0.967129
267	0.969956
268	0.974102
269	0.985941
270	0.967138
271	0.973166
272	0.962393
273	0.983928
274	0.975029
275	0.968412
276	0.967914
277	0.987030
278	0.969400
279	0.959782
280	0.957279
281	0.966379
282	0.984580
283	0.977701
284	0.955906
285	0.966415
286	0.968605
287	0.986164
288	0.963451
289	0.976481
290	0.963589
291	0.989637
292	0.983487
293	0.968203
294	0.953468
295	0.987976
296	0.977806
297	0.965331
298	0.960703
299	0.961645
300	0.972218
301	0.990578
302	0.969364
303	0.959848
304	0.979299
305	0.988072
306	0.952246
307	0.959441
308	0.968742
309	0.993801
310	0.973112
311	0.959010
312	0.950897
313	0.965850
314	0.987022
315	0.973086
316	0.966835
317	0.981505
318	0.971674
319	0.964722
320	0.957523
321	0.951542
322	0.955401
323	0.985116
324	0.978076
325	0.956017
326	0.951869
327	0.957942
328	0.962661
329	0.964022
330	0.980252
331	1.000880
332	0.996265
333	0.974624
334	0.966983
335	0.973629
336	0.981857
337	1.000138
338	0.966031
339	0.967193
340	0.962042
341	0.950736
342	0.978407
343	0.989834
344	0.968477
345	0.953350
346	1.011067
347	0.987528
348	0.939039
349	0.927115
350	0.984650
351	1.016179
352	1.008267
353	0.960062
354	0.912445
355	0.989869
356	0.995461
357	0.995740
358	1.003335
359	1.006810
360	0.936783
361	0.979511
362	1.015780
363	0.956369
364	0.941906
365	0.980398
366	0.988499
367	0.950878
368	1.011806
369	1.006410
370	0.961606
371	0.945634
372	1.012497
373	1.004080
374	0.965603
375	0.965124
376	1.002022
377	0.920282
378	1.000249
379	0.996535
380	0.942863
381	1.039331
382	0.953019
383	1.027551
384	1.007868
385	0.951302
386	0.953935
387	1.024238
388	0.931829
389	0.948655
390	1.009979
391	0.941490
392	1.024003
393	0.959765
394	0.990810
395	1.006622
396	0.949578
397	1.019609
398	0.970518
399	0.942390
400	1.026472
401	0.981029
402	0.927933
403	0.980103
404	1.000786
405	0.987038
406	0.967928
407	0.929611
408	0.930236
409	0.981169
410	0.985186
411	0.973297
412	0.951688
413	0.991900
414	1.000914
415	0.974540
416	0.937571
417	1.005884
418	0.968040
419	0.944578
420	0.954105
421	0.994112
422	0.951082
423	0.929044
424	0.967380
425	1.014091
426	0.997551
427	0.960124
428	0.921362
429	1.042628
430	0.929043
431	0.993638
432	1.035494
433	0.928673
434	0.957396
435	1.004630
436	0.999963
437	0.989306
438	0.968936
439	0.941879
440	1.015695
441	1.003643
442	0.950158
443	0.942354
444	0.973882
445	1.008712
446	0.950315
447	0.985536
448	1.029019
449	0.920403
450	0.998765
451	1.010981
452	0.925231
453	0.987021
454	1.035354
455	0.904596
456	1.016618
457	1.041453
458	0.944828
459	1.058672
460	0.910311
461	1.061578
462	0.913112
463	1.021062
464	0.978800
465	1.004870
466	1.029831
467	0.912997
468	0.994585
469	1.022684
470	1.050201
471	0.961395
472	1.009701
473	1.030900
474	0.981870
475	0.952008
476	1.030458
477	0.926132
478	0.943786
479	0.998983
480	0.977409
481	0.928721
482	0.940269
483	1.005123
484	0.958799
485	0.976395
486	1.015151
487	0.946357
488	1.029686
489	0.931357
490	0.982003
491	0.967582
492	1.002157
493	0.972553
494	0.974245
495	1.009871
496	0.932541
497	0.995710
498	0.988375
499	0.944505
500	0.972462
501	1.020267
502	0.939024
503	1.022851
504	0.952459
505	0.957181
506	0.980177
507	0.963467
508	1.009733
509	1.005398
510	0.947416
511	1.027129
512	0.934902
513	1.026717
514	0.980670
515	0.936389
516	1.045365
517	0.961987
518	1.038794
519	0.973542
520	0.967992
521	0.947197
522	0.988136
523	1.019681
524	0.980540
525	0.963799
526	1.032043
527	0.971403
528	0.968091
529	0.994899
530	0.988118
531	0.986707
532	1.015975
533	0.973135
534	0.975798
535	0.944802
536	1.030235
537	1.002986
538	0.964678
539	0.943326
540	1.025936
541	1.011284
542	0.984843
543	0.992640
544	1.005020
545	0.973857
546	0.995327
547	0.999675
548	1.002060
549	0.967599
550	0.963980
551	0.987125
552	1.022980
553	1.005068
554	0.977521
555	0.990354
556	0.981324
557	1.001917
558	0.980120
559	1.000521
560	0.987570
561	1.006204
562	0.975278
563	0.956661
564	0.991183
565	1.007660
566	0.995036
567	0.953870
568	0.975953
569	1.029582
570	1.032560
571	1.000280
572	0.960436
573	0.955510
574	0.985236
575	1.035640
576	0.982161
577	0.966656
578	0.951733
579	1.021474
580	1.047053
581	1.027089
582	1.018608
583	0.962614
584	0.981228
585	0.950715
586	1.042904
587	0.996431
588	0.965825
589	0.992810
590	1.017192
591	0.982486
592	0.984359
593	1.027077
594	0.955701
595	1.015065
596	1.018394
597	0.948707
598	1.009646
599	1.022338
600	0.983908
601	0.995853
602	0.945613
603	0.991384
604	0.995420
605	0.970003
606	1.002068
607	1.001597
608	0.979953
609	0.996466
610	0.956851
611	0.957347
612	0.969269
613	1.026630
614	0.974199
615	0.954649
616	1.042654
617	1.000509
618	0.947976
619	0.998846
620	1.037791
621	0.955131
622	0.944954
623	0.984256
624	1.000562
625	0.992097
626	0.971458
627	0.958055
628	0.962276
629	1.001066
630	1.015170
631	0.954658
632	0.949780
633	0.997672
634	1.030211
635	0.945557
636	0.993216
637	1.008861
638	0.954646
639	0.952006
640	0.993052
641	0.986189
642	0.969927
643	0.983369
644	0.995890
645	0.964097
646	0.965249
647	0.995358
648	1.039932
649	0.932485
650	0.975475
651	1.044456
652	0.948017
653	0.943134
654	1.085663
655	0.915534
656	0.990102
657	1.057966
658	0.926666
659	0.934232
660	0.938019
661	1.034958
662	0.923368
663	0.914226
664	1.005293
665	1.024823
666	0.995309
667	0.935168
668	0.938318
669	0.984234
670	0.978342
671	1.013159
672	0.974977
673	0.953427
674	0.994549
675	1.018128
676	0.996622
677	0.948313
678	0.974001
679	1.028515
680	1.008027
681	0.943506
682	1.055163
683	0.977398
684	0.956067
685	1.045820
686	0.938211
687	0.962516
688	1.053552
689	0.923199
690	1.032445
691	1.028833
692	0.918747
693	0.986801
694	1.045962
695	0.934301
696	0.934586
697	1.023223
698	0.976470
699	0.937427
700	0.976855
701	1.035546
702	0.940242
703	0.956229
704	1.033056
705	0.950759
706	0.990460
707	1.007020
708	0.946037
709	0.951392
710	1.025920
711	0.964880
712	0.952967
713	1.015758
714	0.968972
715	0.977805
716	0.976388
717	0.978098
718	0.980585
719	0.974624
720	1.008123
721	1.020710
722	0.981094
723	1.037269
724	0.920829
725	1.054847
726	0.907104
727	0.960682
728	1.013778
729	1.015684
730	1.043807
731	0.922145
732	0.970172
733	1.021805
734	0.993796
735	1.019065
736	0.912361
737	1.058271
738	0.929065
739	1.015747
740	1.032103
741	0.932348
742	1.035387
743	0.979946
744	0.997295
745	1.005702
746	0.961536
747	1.042085
748	0.955860
749	0.967019
750	1.019241
751	0.925204
752	1.055377
753	0.944660
754	0.953719
755	1.023253
756	0.916453
757	1.003406
758	0.982141
759	0.953796
760	1.041720
761	0.953175
762	1.035589
763	0.928522
764	1.061703
765	0.942395
766	1.070365
767	0.934528
768	0.913269
769	1.049802
770	0.918563
771	0.974877
772	1.033667
773	0.924995
774	1.002906
775	0.985132
776	0.929551
777	0.942631
778	1.044794
779	0.957245
780	0.977869
781	1.026109
782	0.914257
783	0.928206
784	0.983350
785	0.957875
786	0.971973
787	1.004717
788	0.936492
789	0.927809
790	1.021793
791	0.934158
792	0.935337
793	1.019348
794	0.890540
795	1.046870
796	1.030869
797	0.925766
798	1.025741
799	1.034188
800	0.917611
801	0.916057
802	0.920483
803	0.927160
804	0.976596
805	0.935988
806	0.988712
807	1.032411
808	1.000413
809	0.956298
810	0.988273
811	1.045360
812	0.926447
813	1.014425
814	1.004263
815	0.913176
816	1.042180
817	1.032796
818	0.896947
819	0.974576
820	1.002253
821	1.030432
822	1.000335
823	0.946663
824	0.885193
825	0.921093
826	1.018947
827	1.012786
828	0.924607
829	0.965305
830	0.973265
831	0.969008
832	0.990695
833	0.940375
834	0.996769
835	0.963757
836	0.962023
837	0.972447
838	0.953611
839	0.972445
840	0.958574
841	0.959204
842	0.966512
843	0.964758
844	0.988886
845	0.959326
846	0.943867
847	0.924846
848	0.999857
849	0.967815
850	0.976873
851	0.961479
852	0.945533
853	0.984473
854	0.984717
855	0.936324
856	0.979214
857	0.974675
858	0.957347
859	0.943760
860	1.018678
861	0.939003
862	0.942948
863	0.982925
864	1.005327
865	0.942549
866	0.914715
867	0.989225
868	0.977621
869	0.948956
870	0.966564
871	0.986198
872	0.956597
873	0.969654
874	0.984115
875	0.947823
876	0.993702
877	0.964561
878	0.948313
879	0.930243
880	0.928803
881	0.971428
882	0.956302
883	0.929542
884	0.945705
885	0.986750
886	0.965084
887	0.926274
888	0.965194
889	0.994725
890	0.952047
891	0.931880
892	0.931605
893	0.926115
894	0.933956
895	0.941356
896	0.955383
897	0.969140
898	0.970605
899	0.962064
900	0.949996
901	0.919221
902	0.929666
903	0.967034
904	0.987858
905	0.977472
906	0.923342
907	0.920955
908	0.959226
909	0.986773
910	0.987316
911	0.970351
912	0.951301
913	0.932883
914	1.007718
915	0.927482
916	1.010227
917	0.946348
918	0.919793
919	1.013276
920	0.953828
921	0.909899
922	0.905818
923	0.916080
924	0.946094
925	0.995831
926	0.971290
927	0.921008
928	0.920578
929	0.947991
930	0.974335
931	1.004698
932	0.978169
933	0.939709
934	0.926633
935	0.898060
936	0.903701
937	0.905031
938	0.913629
939	0.910267
940	0.906935
941	0.939813
942	0.973302
943	0.971542
944	0.946487
945	0.922235
946	0.914470
947	0.910498
948	0.916455
949	0.945622
950	0.951111
951	0.952930
952	0.953769
953	0.958986
954	0.966250
955	0.969924
956	0.962832
957	0.966599
958	0.974482
959	0.959978
960	0.942108
961	0.936055
962	0.951406
963	0.940242
964	0.945268
965	0.936348
966	0.936391
967	0.939605
968	0.921897
969	0.934179
970	0.942138
971	0.938748
972	0.936894
973	0.940104
974	0.931133
975	0.931747
976	0.934958
977	0.935290
978	0.939702
979	0.968835
980	0.945125
981	0.947331
982	0.949563
983	0.953009
984	0.964447
985	0.931309
986	0.924137
987	0.919673
988	0.924868
989	0.935663
990	0.929224
991	0.931679
992	0.934048
993	0.942658
994	0.970000
995	0.953815
996	0.937487
997	0.935936
998	0.917922
999	0.914453
1000	0.933711
1001	0.943683
1002	0.946433
1003	0.954740
1004	0.948362
1005	0.953138
1006	0.950023
1007	0.933588
1008	0.931326
1009	0.933296
1010	0.923532
1011	0.924280
1012	0.924983
1013	0.939459
1014	0.952691
1015	0.946228
1016	0.936477
1017	0.925695
1018	0.930068
1019	0.959894
1020	0.957020
1021	0.933421
1022	0.921742
1023	0.924470
1024	0.950170
1025	0.965038
1026	0.944022
1027	0.942814
1028	0.935226
1029	0.939534
1030	0.939978
1031	0.948660
1032	0.953294
1033	0.954591
1034	0.947364
1035	0.945341
1036	0.935378
1037	0.932920
1038	0.940940
1039	0.946467
1040	0.946759
1041	0.942816
1042	0.929092
1043	0.922892
1044	0.924740
1045	0.919613
1046	0.925132
1047	0.937490
1048	0.948083
1049	0.941546
1050	0.937331
1051	0.936964
1052	0.940851
1053	0.936063
1054	0.954047
1055	0.945648
1056	0.936144
1057	0.925423
1058	0.908301
1059	0.908126
1060	0.921458
1061	0.931782
1062	0.937773
1063	0.940360
1064	0.949324
1065	0.946454
1066	0.928621
1067	0.934920
1068	0.955125
1069	0.939248
1070	0.918245
1071	0.912629
1072	0.917927
1073	0.939713
1074	0.949822
1075	0.956054
1076	0.956756
1077	0.943897
1078	0.918751
1079	0.912403
1080	0.927938
1081	0.953530
1082	0.961628
1083	0.938945
1084	0.903492
1085	0.895314
1086	0.960926
1087	0.973259
1088	0.922219
1089	0.899425
1090	0.935713
1091	0.966573
1092	0.955081
1093	0.913269
1094	0.919019
1095	0.968802
1096	0.951464
1097	0.920893
1098	0.897522
1099	0.905406
1100	0.953771
1101	0.961908
1102	0.954204
1103	0.925859
1104	0.905113
1105	0.947814
1106	0.961216
1107	0.952149
1108	0.912458
1109	0.905548
1110	0.924294
1111	0.948550
1112	0.958808
1113	0.957726
1114	0.920640
1115	0.905861
1116	0.958104
1117	0.966600
1118	0.920443
1119	0.892697
1120	0.900065
1121	0.933044
1122	0.950037
1123	0.901261
1124	0.908553
1125	0.942897
1126	0.958539
1127	0.939619
1128	0.900618
1129	0.925165
1130	0.960423
1131	0.954611
1132	0.913451
1133	0.899692
1134	0.930097
1135	0.964833
1136	0.938402
1137	0.897661
1138	0.944741
1139	0.956480
1140	0.907118
1141	0.915705
1142	0.960909
1143	0.954419
1144	0.905272
1145	0.918804
1146	0.970547
1147	0.940995
1148	0.900336
1149	0.912783
1150	0.962898
1151	0.936616
1152	0.901487
1153	0.893988
1154	0.924592
1155	0.959793
1156	0.945763
1157	0.915817
1158	0.900735
1159	0.937885
1160	0.948084
1161	0.904921
1162	0.899288
1163	0.938965
1164	0.952625
1165	0.912275
1166	0.892850
1167	0.941674
1168	0.962239
1169	0.904188
1170	0.910193
1171	0.968788
1172	0.942464
1173	0.884740
1174	0.916830
1175	0.965799
1176	0.934615
1177	0.889603
1178	0.927286
1179	0.962878
1180	0.916632
1181	0.893013
1182	0.932149
1183	0.961666
1184	0.917737
1185	0.891811
1186	0.946177
1187	0.964967
1188	0.891670
1189	0.905611
1190	0.962665
1191	0.943964
1192	0.886208
1193	0.933623
1194	0.961039
1195	0.894853
1196	0.914486
1197	0.967939
1198	0.922935
1199	0.898604
1200	0.959312
1201	0.930941
1202	0.884803
1203	0.952973
1204	0.940404
1205	0.885750
1206	0.956051
1207	0.937785
1208	0.883177
1209	0.973025
1210	0.927772
1211	0.877581
1212	0.985418
1213	0.931963
1214	0.885637
1215	0.966264
1216	0.941637
1217	0.881728
1218	0.939459
1219	0.962792
1220	0.890271
1221	0.916316
1222	0.954997
1223	0.919277
1224	0.886874
1225	0.945141
1226	0.955317
1227	0.881649
1228	0.960376
1229	0.943145
1230	0.975252
1231	1.004799
1232	1.020672
1233	1.041554
1234	0.963921
1235	1.011145
1236	0.961628
1237	0.895625
1238	0.945513
1239	0.970367
1240	0.973710
1241	0.935611
1242	0.965601
1243	0.964650
1244	0.883374
1245	1.005451
1246	1.009275
1247	1.013982
1248	1.042413
1249	0.942857
1250	0.967746
1251	0.979363
1252	1.091964
1253	0.965368
1254	0.959013
1255	0.981744
1256	1.004845
1257	0.948643
1258	1.045594
1259	0.948603
1260	1.032077
1261	0.970861
1262	1.023739
1263	0.960034
1264	1.017548
1265	0.932245
1266	0.969328
1267	0.963481
1268	1.017708
1269	0.983252
1270	1.063409
1271	0.942658
1272	0.985148
1273	0.909228
1274	1.007098
1275	0.934908
1276	1.047235
1277	0.999102
1278	1.090899
1279	1.123793
1280	0.990958
1281	1.016850
1282	1.090524
1283	0.996467
1284	0.937373
1285	1.025311
1286	0.998146
1287	0.948673
1288	1.012911
1289	0.960778
1290	0.997104
1291	0.906427
1292	1.082246
1293	1.047674
1294	0.910452
1295	0.963960
1296	0.974944
1297	0.965342
1298	0.978471
1299	0.976157
1300	0.943281
1301	0.913773
1302	1.010314
1303	0.968763
1304	0.960229
1305	0.981850
1306	0.946647
1307	0.986401
1308	0.949088
1309	1.017697
1310	0.881108
1311	1.043465
1312	1.103211
1313	0.934043
1314	0.999069
1315	0.946430
1316	1.002916
1317	1.135551
1318	1.092220
1319	0.916552
1320	1.030057
1321	0.950690
1322	0.984439
1323	0.947071
1324	0.963778
1325	0.964837
1326	0.952691
1327	0.973143
1328	1.039292
1329	1.000481
1330	0.977083
1331	0.986989
1332	0.939433
1333	1.015249
1334	0.989638
1335	0.988814
1336	1.003432
1337	0.929090
1338	0.914310
1339	0.999574
1340	0.927953
1341	0.965618
1342	0.935695
1343	0.972293
1344	0.961476
1345	1.007279
1346	1.152935
1347	0.981363
1348	0.925508
1349	0.995853
1350	0.960754
1351	0.926238
1352	0.981079
1353	0.978827
1354	0.994092
1355	0.952343
1356	0.959085
1357	0.985646
1358	0.962196
1359	1.045636
1360	0.934670
1361	1.031853
1362	1.053735
1363	1.088518
1364	0.987732
1365	0.986467
1366	1.170610
1367	0.996918
1368	0.974472
1369	0.979537
1370	0.934488
1371	0.947338
1372	1.065371
1373	1.032059
1374	0.934068
1375	0.952174
1376	1.047978
1377	1.029825
1378	0.984437
1379	1.010605
1380	1.037087
1381	0.954378
1382	1.037542
1383	1.007945
1384	1.008069
1385	1.007215
1386	1.021011
1387	0.997413
1388	0.970271
1389	1.006623
1390	1.265938
1391	1.556438
1392	1.673995
1393	1.707440
1394	1.635604
1395	1.657835
1396	1.957315
1397	1.736238
1398	1.789923
1399	1.910829
1400	2.000139
1401	1.950120
1402	1.869200
1403	1.889025
1404	1.631156
1405	1.653638
1406	1.801313
1407	1.771364
1408	1.553134
1409	1.697587
1410	1.669829
1411	1.718260
1412	1.857879
1413	1.785774
1414	1.772066
1415	1.718127
1416	1.880264
1417	1.747566
1418	1.747034
1419	2.016155
1420	1.771359
1421	1.733767
1422	1.924824
1423	1.670192
1424	1.828691
1425	1.743687
1426	1.814020
1427	1.623362
1428	1.524600
1429	1.748416
1430	1.872170
1431	1.826352
1432	1.871455
1433	1.732399
1434	1.778703
1435	1.794643
1436	1.733851
1437	1.772208
1438	1.697928
1439	1.772632
1440	1.815790
1441	1.949705
1442	1.733256
1443	1.677024
1444	1.822899
1445	1.956197
1446	1.847910
1447	1.699811
1448	1.773933
1449	1.796919
1450	1.831973
1451	1.846379
1452	1.817044
1453	1.889284
1454	1.766363
1455	1.746745
1456	1.662970
1457	1.552351
1458	1.918831
1459	1.903363
1460	1.763533
1461	1.596015
1462	1.877005
1463	1.895658
1464	1.762219
1465	1.855287
1466	1.707823
1467	1.798187
1468	1.857494
1469	2.057829
1470	1.890399
1471	1.735572
1472	1.696929
1473	1.732408
1474	1.667054
1475	1.680723
1476	1.692628
1477	1.631264
1478	1.747685
1479	1.631058
1480	1.870283
1481	1.622256
1482	2.036646
1483	2.112128
1484	1.805814
1485	1.763164
1486	1.696187
1487	1.854852
1488	1.932173
1489	1.578673
1490	1.608161
1491	1.714526
1492	1.934377
1493	1.730116
1494	1.799760
1495	1.985856
1496	1.730353
1497	1.842767
1498	1.678524
1499	1.875600
1500	1.579809
1501	1.727921
1502	1.678572
1503	1.793286
1504	1.893644
1505	1.642481
1506	1.719641
1507	2.043892
1508	1.625982
1509	1.727224
1510	1.901835
1511	1.591341
1512	1.619185
1513	1.714976
1514	1.855902
1515	1.697233
1516	1.650269
1517	1.796209
1518	1.750484
1519	1.760618
1520	1.777782
1521	1.692191
1522	1.624225
1523	1.793763
1524	1.711085
1525	1.862602
1526	1.735642
1527	1.613139
1528	1.791539
1529	1.744109
1530	1.749270
1531	1.548784
1532	1.736167
1533	1.690883
1534	2.028149
1535	1.787317
1536	1.653934
1537	1.599402
1538	1.846117
1539	1.697531
1540	1.669517
1541	1.803724
1542	1.762853
1543	1.590332
1544	1.699094
1545	1.665761
1546	1.797832
1547	1.585629
1548	1.923865
1549	1.671892
1550	1.632599
1551	1.823617
1552	1.984716
1553	1.953927
1554	1.732799
1555	1.815982
1556	1.911341
1557	2.090211
1558	1.733196
1559	1.535940
1560	1.607006
1561	1.654911
1562	1.764650
1563	1.743943
1564	1.724517
1565	1.654133
1566	1.814402
1567	1.854786
1568	1.912941
1569	1.970196
1570	2.123469
1571	2.371428
1572	2.329486
1573	2.217543
1574	1.963637
1575	2.104535
1576	2.096312
1577	1.613333
1578	1.631839
1579	1.808445
1580	1.829257
1581	1.767579
1582	1.795062
1583	1.611978
1584	1.666799
1585	1.705092
1586	1.747175
1587	1.531614
1588	1.874416
1589	1.617487
1590	1.740117
1591	1.743413
1592	1.750613
1593	1.595580
1594	1.662259
1595	1.778340
1596	1.802198
1597	1.873638
1598	1.803753
1599	1.803858
1600	1.729918
1601	1.528638
1602	1.613117
1603	1.778692
1604	1.616914
1605	1.586065
1606	2.035663
1607	1.944773
1608	1.730419
1609	1.761797
1610	1.673088
1611	1.834381
1612	1.640861
1613	1.653097
1614	1.688624
1615	1.441439
1616	1.803548
1617	1.817075
1618	1.543177
1619	1.833406
1620	1.626555
1621	1.669548
1622	1.790338
1623	2.006926
1624	1.987530
1625	1.956309
1626	1.932187
1627	1.958760
1628	1.478522
1629	1.560940
1630	1.742985
1631	1.692995
1632	1.730982
1633	1.932674
1634	2.093114
1635	2.192529
1636	1.820540
1637	1.403828
1638	1.639506
1639	1.803507
1640	1.490301
1641	1.608422
1642	1.859495
1643	1.948742
1644	1.874732
1645	1.607884
1646	1.815775
1647	1.974419
1648	1.990236
1649	1.734490
1650	1.623860
1651	1.956129
1652	1.633647
1653	1.584322
1654	1.902799
1655	1.605005
1656	1.605698
1657	1.727433
1658	1.752339
1659	1.791512
1660	1.590305
1661	1.855518
1662	1.981591
1663	1.596096
1664	1.511742
1665	1.789026
1666	1.618402
1667	1.623581
1668	1.855150
1669	1.528879
1670	1.668157
1671	2.080189
1672	1.984422
1673	1.755823
1674	1.753410
1675	1.722675
1676	1.713521
1677	1.699661
1678	1.870582
1679	1.775998
1680	1.926455
1681	1.824523
1682	1.801829
1683	1.706766
1684	1.991168
1685	2.019315
1686	1.814400
1687	1.877964
1688	1.704818
1689	1.662408
1690	1.662866
1691	1.773314
1692	1.868430
1693	1.908897
1694	1.790332
1695	1.549752
1696	1.739746
1697	1.787420
1698	1.715067
1699	1.765256
1700	1.932161
1701	1.746699
1702	1.792152
1703	1.857468
1704	1.914685
1705	1.722547
1706	1.586689
1707	1.891643
1708	1.782799
1709	1.674257
1710	1.885588
1711	1.800320
1712	1.447204
1713	1.757802
1714	1.870752
1715	1.673824
1716	1.792449
1717	1.707188
1718	1.662867
1719	1.720003
1720	1.885868
1721	1.719829
1722	1.693543
1723	1.805716
1724	1.835387
1725	1.745110
1726	1.702753
1727	1.611923
1728	1.735622
1729	1.673236
1730	1.860250
1731	1.934891
1732	2.029358
1733	1.859508
1734	1.668262
1735	1.734417
1736	1.765141
1737	1.712616
1738	1.718526
1739	1.735913
1740	1.799041
1741	1.831417
1742	1.676901
1743	1.744142
1744	2.137453
1745	2.118779
1746	2.116064
1747	2.198954
1748	2.048607
1749	1.867612
1750	1.746329
1751	1.838626
1752	1.854649
1753	1.830852
1754	1.583497
1755	1.726488
1756	1.710899
1757	1.635920
1758	1.642703
1759	1.745626
1760	1.903845
1761	1.835336
1762	1.765433
1763	1.604758
1764	1.858691
1765	1.837800
1766	1.720052
1767	1.685668
1768	1.737034
1769	1.713397
1770	1.744039
1771	1.862329
1772	1.743241
1773	1.854243
1774	1.899106
1775	1.724979
1776	1.602172
1777	1.818289
1778	1.764702
1779	1.658361
1780	1.549267
1781	1.817377
1782	1.810591
1783	1.689799
1784	1.681423
1785	1.787483
1786	1.809064
1787	1.734342
1788	1.853678
1789	1.818965
1790	1.768380
1791	1.778355
1792	1.758020
1793	1.645833
1794	1.916518
1795	1.941871
1796	1.657482
1797	1.660465
1798	1.748312
1799	1.696893
1800	1.677475
1801	1.778298
1802	1.879922
1803	1.725011
1804	1.951524
1805	1.685968
1806	1.523719
1807	1.810551
1808	1.828915
1809	1.826176
1810	1.937054
1811	2.255542
1812	2.655827
1813	2.727893
1814	2.606619
1815	2.080065
1816	1.763276
1817	1.741952
1818	1.677020
1819	1.758409
1820	1.668029
1821	1.656666
1822	1.914259
1823	1.773964
1824	1.841434
1825	1.661101
1826	1.627300
1827	1.706563
1828	1.801028
1829	1.722210
1830	1.901733
1831	1.994509
1832	1.762853
1833	1.656996
1834	2.020352
1835	2.027979
1836	1.944360
1837	2.026392
1838	1.819491
1839	1.730173
1840	1.722427
1841	1.637225
1842	1.860145
1843	1.681777
1844	1.624670
1845	1.696390
1846	1.820440
1847	1.918162
1848	1.879467
1849	1.585703
1850	1.903766
1851	2.015075
1852	1.888016
1853	1.848142
1854	1.894127
1855	2.062729
1856	2.255683
1857	2.477868
1858	2.211692
1859	1.829397
1860	1.733147
1861	1.757733
1862	1.742360
1863	1.724823
1864	1.607519
1865	1.599904
1866	1.872122
1867	1.639550
1868	1.646185
1869	1.877326
1870	1.906973
1871	1.753353
1872	1.874215
1873	1.903844
1874	1.818539
1875	2.129907
1876	2.052338
1877	2.049775
1878	1.719873
1879	1.704159
1880	1.594009
1881	1.664811
1882	1.767141
1883	1.613506
1884	1.726850
1885	1.992059
1886	1.868934
1887	1.714671
1888	1.757847
1889	1.730268
1890	1.888525
1891	1.712613
1892	1.646566
1893	1.732187
1894	1.786573
1895	1.762780
1896	1.633821
1897	1.625160
1898	1.836335
1899	1.881415
1900	1.754692
1901	1.738938
1902	1.860442
1903	2.090563
1904	2.218553
1905	2.473173
1906	2.186451
1907	1.737979
1908	1.664436
1909	1.760213
1910	1.888783
1911	1.779857
1912	1.930705
1913	1.860756
1914	1.947664
1915	1.948544
1916	1.769338
1917	1.766761
1918	2.011745
1919	2.050710
1920	1.765860
1921	1.900023
1922	1.914742
1923	1.711111
1924	1.651226
1925	1.906708
1926	1.940034
1927	1.638577
1928	1.877160
1929	2.050800
1930	1.784448
1931	1.652575
1932	1.738047
1933	1.814510
1934	2.003466
1935	2.068403
1936	2.242417
1937	2.646130
1938	2.996381
1939	3.394401
1940	3.347656
1941	3.237926
1942	2.858813
1943	2.606382
1944	2.419774
1945	2.180967
1946	2.211345
1947	1.997493
1948	2.083797
1949	1.768522
1950	1.676644
1951	1.889964
1952	1.744167
1953	1.800518
1954	1.972338
1955	2.157338
1956	1.981926
1957	1.931302
1958	1.832807
1959	1.830342
1960	1.763173
1961	1.845684
1962	1.760718
1963	1.690059
1964	1.799965
1965	1.710084
1966	1.687150
1967	1.831638
1968	1.984907
1969	1.868583
1970	2.067223
1971	2.171394
1972	1.950854
1973	1.843253
1974	1.710993
1975	1.642121
1976	1.739194
1977	1.588657
1978	1.607195
1979	1.639086
1980	1.664929
1981	1.636747
1982	2.018275
1983	2.154741
1984	1.922754
1985	1.743202
1986	1.680524
1987	1.786408
1988	1.856118
1989	1.916596
1990	2.013677
1991	1.813503
1992	1.735227
1993	2.030200
1994	2.300115
1995	2.512894
1996	2.220591
1997	1.831618
1998	1.840497
1999	1.769896
2000	1.983077
2001	1.875290
2002	1.717520
2003	1.727248
2004	1.836738
2005	1.956505
2006	2.020332
2007	1.894695
2008	1.783516
2009	1.577753
2010	1.722454
2011	1.904045
2012	1.765642
2013	1.817065
2014	1.766384
2015	1.921156
2016	1.687386
2017	1.750284
2018	1.912187
2019	1.921801
2020	1.685449
2021	1.995914
2022	1.805965
2023	2.048944
2024	1.961478
2025	1.686042
2026	1.747771
2027	1.903000
2028	2.080657
2029	1.893667
2030	1.603563
2031	1.718447
2032	1.945601
2033	1.871771
2034	1.802509
2035	1.714765
2036	1.661226
2037	1.784598
2038	1.589166
2039	1.584253
2040	1.807947
2041	2.094142
2042	1.876615
2043	1.669266
2044	1.658479
2045	1.907446
2046	2.013703
2047	1.804175
2048	1.888112
2049	1.988327
2050	1.765718
2051	1.636499
2052	1.787055
2053	2.283291
2054	2.410562
2055	2.763833
2056	3.067715
2057	3.064839
2058	2.852009
2059	2.793060
2060	2.502026
2061	2.724272
2062	2.837885
2063	2.957054
2064	2.941854
2065	2.899321
2066	3.001707
2067	3.218704
2068	3.359266
2069	2.807305
2070	2.485310
2071	2.413977
2072	2.524503
2073	2.619512
2074	2.706287
2075	2.482032
2076	2.266194
2077	2.063584
2078	1.889268
2079	1.891967
2080	1.914720
2081	2.211643
2082	2.430383
2083	2.408088
2084	2.185638
2085	2.315434
2086	1.910684
2087	2.231061
2088	2.153719
2089	1.837506
2090	1.875718
2091	1.895903
2092	1.676512
2093	1.772591
2094	1.969096
2095	1.869486
2096	1.814393
2097	1.819618
2098	1.667765
2099	1.603634
2100	1.775915
2101	1.721967
2102	1.826782
2103	2.004172
2104	2.506166
2105	2.496097
2106	2.467798
2107	2.278825
2108	1.864037
2109	1.900454
2110	1.752083
2111	1.704869
2112	1.824165
2113	1.839386
2114	1.800572
2115	1.834170
2116	1.801429
2117	1.718587
2118	1.865830
2119	1.927794
2120	1.785828
2121	1.565711
2122	1.925724
2123	2.025030
2124	1.831256
2125	1.734064
2126	1.744021
2127	1.651678
2128	1.663071
2129	1.721893
2130	1.737648
2131	1.803603
2132	1.831771
2133	2.063806
2134	1.899603
2135	1.732630
2136	1.803276
2137	1.954040
2138	1.788951
2139	1.764551
2140	1.670257
2141	1.742396
2142	1.649796
2143	1.756191
2144	1.811476
2145	1.805349
2146	1.786180
2147	1.793778
2148	1.770949
2149	1.719615
2150	1.915996
2151	1.949958
2152	1.827799
2153	1.840571
2154	1.951205
2155	1.771924
2156	1.761478
2157	2.010197
2158	2.499931
2159	2.298354
2160	2.204147
2161	2.195705
2162	1.854000
2163	2.015345
2164	1.928910
2165	1.724377
2166	1.721163
2167	2.008291
2168	2.144031
2169	2.043741
2170	2.046967
2171	2.304766
2172	2.256252
2173	2.246756
2174	2.125363
2175	1.958100
2176	1.917845
2177	1.819340
2178	1.865718
2179	1.919121
2180	2.009841
2181	1.754836
2182	1.734725
2183	1.836239
2184	1.785473
2185	1.823711
2186	1.943787
2187	2.084222
2188	1.923564
2189	1.767774
2190	1.919703
2191	1.946362
2192	1.828050
2193	1.718544
2194	1.772002
2195	1.977441
2196	2.066149
2197	1.683902
2198	1.801279
2199	2.065459
2200	1.801730
2201	1.719000
2202	1.847748
2203	1.856694
2204	1.710823
2205	1.793364
2206	1.811342
2207	1.656525
2208	1.866755
2209	1.715922
2210	1.837996
2211	1.940361
2212	1.790408
2213	1.876857
2214	2.051077
2215	2.049769
2216	1.823923
2217	1.772756
2218	1.885693
2219	1.806086
2220	2.059306
2221	1.829468
2222	1.662775
2223	1.915096
2224	1.958511
2225	2.005880
2226	1.871641
2227	1.569913
2228	1.843641
2229	1.907879
2230	2.118677
2231	2.156661
2232	2.280701
2233	2.248685
2234	2.156187
2235	2.182784
2236	2.456512
2237	2.493460
2238	2.616549
2239	2.566985
2240	2.350543
2241	2.255141
2242	2.137676
2243	2.123117
2244	1.793520
2245	1.559873
2246	1.918888
2247	1.991961
2248	1.696882
2249	1.827529
2250	2.024550
2251	1.806388
2252	2.218360
2253	2.309490
2254	1.939266
2255	1.764051
2256	2.037125
2257	1.869919
2258	1.884582
2259	2.175549
2260	1.989027
2261	2.095153
2262	2.061863
2263	1.801978
2264	1.929210
2265	2.187564
2266	2.265378
2267	2.036543
2268	1.981557
2269	2.059804
2270	1.820470
2271	1.917344
2272	2.023105
2273	2.127477
2274	1.867887
2275	1.682343
2276	1.933772
2277	1.879535
2278	1.923105
2279	1.983999
2280	1.826567
2281	1.653945
2282	1.814176
2283	1.989415
2284	1.910476
2285	2.157599
2286	2.069925
2287	1.996629
2288	2.060809
2289	2.280143
2290	2.494354
2291	2.339784
2292	2.097452
2293	1.929185
2294	2.264718
2295	2.144167
2296	2.136562
2297	2.251928
2298	2.011706
2299	1.716786
2300	1.807068
2301	1.927981
2302	1.926797
2303	2.120812
2304	1.850063
2305	1.914774
2306	1.832580
2307	1.834686
2308	1.721181
2309	1.673530
2310	1.794790
2311	1.780452
2312	2.078832
2313	2.443760
2314	2.778852
2315	2.802452
2316	2.649399
2317	2.529466
2318	2.294788
2319	2.040489
2320	2.579048
2321	2.674287
2322	2.671960
2323	2.583477
2324	2.572583
2325	2.065256
2326	1.537146
2327	1.897063
2328	2.092319
2329	2.090229
2330	2.235433
2331	2.185844
2332	2.112212
2333	1.972169
2334	2.045667
2335	2.240049
2336	2.489786
2337	2.580146
2338	2.699819
2339	2.810453
2340	2.896654
2341	3.032856
2342	3.034528
2343	2.999900
2344	2.904735
2345	2.880915
2346	2.600081
2347	2.701922
2348	2.994781
2349	3.140243
2350	3.242195
2351	3.072754
2352	3.027803
2353	2.999886
2354	3.304805
2355	3.274566
2356	3.287435
2357	3.268437
2358	3.342721
2359	3.389006
2360	3.472471
2361	3.274066
2362	3.108947
2363	2.997442
2364	3.048990
2365	3.128027
2366	3.029515
2367	3.133956
2368	3.287492
2369	3.429888
2370	3.510368
2371	3.355709
2372	3.016961
2373	2.555730
2374	2.075984
2375	1.838826
2376	1.901759
2377	1.932021
2378	1.971802
2379	1.918912
2380	1.896542
2381	1.888629
2382	1.811778
2383	1.806047
2384	1.849403
2385	2.018926
2386	2.132179
2387	1.932139
2388	1.748737
2389	1.933233
2390	2.460274
2391	2.815013
2392	3.031435
2393	3.114043
2394	3.074244
2395	2.931602
2396	3.284036
2397	3.358763
2398	3.098755
2399	2.650782
2400	2.293841
2401	2.481749
2402	2.667377
2403	2.827945
2404	2.791391
2405	2.761843
2406	2.877331
2407	2.984769
2408	3.025475
2409	3.037202
2410	3.047405
2411	3.016693
2412	3.081173
2413	3.214460
2414	2.983239
2415	2.850467
2416	3.029695
2417	3.203659
2418	2.856137
2419	2.661442
2420	3.002891
2421	3.617383
2422	3.592590
2423	3.536293
2424	3.387508
2425	2.898704
2426	2.759710
2427	2.798484
2428	2.802312
2429	2.818960
2430	3.057171
2431	3.090064
2432	3.247153
2433	3.031845
2434	3.057436
2435	3.194242
2436	3.194324
2437	3.240744
2438	3.002125
2439	2.938758
2440	3.102537
2441	2.713321
2442	2.742865
2443	2.905508
2444	2.486489
2445	2.406004
2446	2.307277
2447	2.287418
2448	2.456108
2449	2.753751
2450	2.860671
2451	2.802610
2452	2.801893
2453	2.902915
2454	3.345448
2455	3.380898
2456	3.676295
2457	3.714598
2458	3.623457
2459	3.840897
2460	3.701557
2461	3.679206
2462	3.503338
2463	3.458675
2464	3.786793
2465	3.441365
2466	3.210110
2467	3.159424
2468	3.151297
2469	3.002556
2470	3.133686
2471	3.483593
2472	3.632304
2473	3.423448
2474	3.564942
2475	3.316496
2476	2.955234
2477	2.339761
2478	2.123531
2479	1.996846
2480	2.078524
2481	2.271894
2482	2.253424
2483	2.121158
2484	1.907139
2485	1.832997
2486	2.015790
2487	2.511159
2488	2.939550
2489	3.466372
2490	3.492209
2491	3.889463
2492	3.274385
2493	2.779810
2494	2.244729
2495	1.951399
2496	2.060090
2497	1.944390
2498	2.159352
2499	2.742194
2500	3.052369
2501	3.123075
2502	3.116444
2503	2.751497
2504	2.619212
2505	2.556428
2506	2.806538
2507	3.263655
2508	3.475975
2509	3.751221
2510	3.356243
2511	3.370347
2512	3.341201
2513	3.308906
2514	3.304432
2515	3.723228
2516	3.549609
2517	3.648455
2518	3.473856
2519	3.607637
2520	3.756594
2521	3.695042
2522	3.500761
2523	3.300542
2524	3.125906
2525	2.909294
2526	3.005682
2527	3.415453
2528	3.659654
2529	3.639594
2530	3.337060
2531	3.285723
2532	3.262032
2533	3.157368
2534	3.356539
2535	3.163132
2536	2.961917
2537	2.950208
2538	2.981108
2539	3.051497
2540	3.243806
2541	3.109598
2542	3.164534
2543	3.363870
2544	3.578431
2545	3.678160
2546	3.637213
2547	3.231286
2548	3.355941
2549	3.421794
2550	3.483979
2551	3.757951
2552	3.664893
2553	3.657564
2554	3.650365
2555	4.266889
2556	4.130715
2557	4.015831
2558	3.872901
2559	3.816316
2560	3.884938
