0	0.957306
1	0.952556
2	0.953874
3	0.958550
4	0.959987
5	0.956100
6	0.952371
7	0.955107
8	0.959628
9	0.959070
10	0.954437
11	0.952326
12	0.956325
13	0.960232
14	0.957880
15	0.953399
16	0.952746
17	0.957462
18	0.960292
19	0.956761
20	0.952751
21	0.953345
22	0.958014
23	0.960128
24	0.956442
25	0.952302
26	0.954828
27	0.959822
28	0.959306
29	0.954083
30	0.952772
31	0.956894
32	0.960428
33	0.957026
34	0.953244
35	0.953270
36	0.958153
37	0.960193
38	0.956430
39	0.952406
40	0.955026
41	0.958972
42	0.959913
43	0.955208
44	0.952256
45	0.955457
46	0.959913
47	0.958823
48	0.953741
49	0.952986
50	0.957361
51	0.960417
52	0.956929
53	0.952626
54	0.954298
55	0.959509
56	0.959615
57	0.954742
58	0.952400
59	0.956229
60	0.960281
61	0.958214
62	0.953007
63	0.953894
64	0.959124
65	0.959923
66	0.954667
67	0.952570
68	0.957006
69	0.960718
70	0.957232
71	0.952782
72	0.955118
73	0.959973
74	0.958981
75	0.954114
76	0.953012
77	0.957613
78	0.960582
79	0.956596
80	0.952433
81	0.955408
82	0.960242
83	0.958944
84	0.954269
85	0.952814
86	0.956656
87	0.959982
88	0.958772
89	0.954069
90	0.952416
91	0.957431
92	0.960445
93	0.956888
94	0.952931
95	0.953606
96	0.958805
97	0.959926
98	0.956045
99	0.952161
100	0.954394
101	0.959093
102	0.959780
103	0.954963
104	0.952685
105	0.956459
106	0.959917
107	0.958440
108	0.953446
109	0.952951
110	0.957461
111	0.960402
112	0.956823
113	0.952460
114	0.953849
115	0.959102
116	0.959768
117	0.955136
118	0.952422
119	0.955787
120	0.960073
121	0.958643
122	0.953632
123	0.952796
124	0.957350
125	0.960346
126	0.957233
127	0.952542
128	0.953026
129	0.958064
130	0.960196
131	0.956355
132	0.952330
133	0.954819
134	0.959670
135	0.959514
136	0.954573
137	0.952317
138	0.956753
139	0.960472
140	0.957796
141	0.952869
142	0.953182
143	0.958208
144	0.960324
145	0.955894
146	0.952350
147	0.954407
148	0.959383
149	0.959561
150	0.954707
151	0.952099
152	0.955697
153	0.959978
154	0.958819
155	0.953776
156	0.952523
157	0.956979
158	0.960479
159	0.957228
160	0.952427
161	0.954045
162	0.958996
163	0.960091
164	0.955162
165	0.952165
166	0.955952
167	0.960406
168	0.958546
169	0.953349
170	0.953078
171	0.957898
172	0.960339
173	0.956786
174	0.952331
175	0.954093
176	0.959128
177	0.959893
178	0.955169
179	0.952332
180	0.955696
181	0.959892
182	0.958960
183	0.953717
184	0.952599
185	0.957450
186	0.960234
187	0.957261
188	0.952623
189	0.953440
190	0.958597
191	0.960144
192	0.956248
193	0.952330
194	0.955330
195	0.959954
196	0.959129
197	0.953799
198	0.952263
199	0.956926
200	0.960412
201	0.957657
202	0.953050
203	0.953975
204	0.959016
205	0.959951
206	0.955671
207	0.952033
208	0.955020
209	0.959805
210	0.959432
211	0.954695
212	0.952396
213	0.957758
214	0.960407
215	0.955632
216	0.952376
217	0.955050
218	0.959722
219	0.959265
220	0.954218
221	0.952038
222	0.956390
223	0.960227
224	0.958657
225	0.953407
226	0.952908
227	0.957962
228	0.960402
229	0.956415
230	0.952344
231	0.954900
232	0.959804
233	0.959334
234	0.954463
235	0.952332
236	0.956612
237	0.960058
238	0.957984
239	0.953200
240	0.954107
241	0.958462
242	0.960185
243	0.956111
244	0.952070
245	0.954678
246	0.959680
247	0.959267
248	0.954979
249	0.952157
250	0.956362
251	0.960138
252	0.958802
253	0.953304
254	0.952815
255	0.957217
256	0.960335
257	0.957221
258	0.952412
259	0.953700
260	0.959008
261	0.960036
262	0.955896
263	0.952704
264	0.954767
265	0.959932
266	0.959313
267	0.953866
268	0.952597
269	0.957023
270	0.960311
271	0.957584
272	0.952722
273	0.953088
274	0.958280
275	0.960093
276	0.956112
277	0.952170
278	0.954389
279	0.959525
280	0.958974
281	0.954239
282	0.951964
283	0.956043
284	0.960304
285	0.958303
286	0.953275
287	0.952784
288	0.957642
289	0.960471
290	0.956327
291	0.952252
292	0.953991
293	0.959140
294	0.959880
295	0.955171
296	0.952325
297	0.955457
298	0.960224
299	0.958780
300	0.953452
301	0.952487
302	0.956637
303	0.960248
304	0.957541
305	0.953173
306	0.953297
307	0.957932
308	0.960027
309	0.957085
310	0.952574
311	0.953642
312	0.959116
313	0.959928
314	0.955364
315	0.952106
316	0.954533
317	0.959505
318	0.959415
319	0.954671
320	0.952571
321	0.956000
322	0.960018
323	0.958474
324	0.953719
325	0.952640
326	0.957518
327	0.960061
328	0.957181
329	0.952523
330	0.953659
331	0.959151
332	0.960177
333	0.954982
334	0.952359
335	0.955924
336	0.960619
337	0.958301
338	0.953243
339	0.952600
340	0.957127
341	0.960340
342	0.957645
343	0.952742
344	0.952941
345	0.958175
346	0.960791
347	0.956255
348	0.952620
349	0.955925
350	0.960154
351	0.958280
352	0.953763
353	0.952620
354	0.957425
355	0.960394
356	0.957365
357	0.952994
358	0.953641
359	0.958148
360	0.960488
361	0.956251
362	0.952182
363	0.954733
364	0.959747
365	0.959687
366	0.954617
367	0.952211
368	0.955997
369	0.960240
370	0.958351
371	0.953552
372	0.952587
373	0.957107
374	0.960722
375	0.957624
376	0.952677
377	0.953778
378	0.958721
379	0.960344
380	0.955730
381	0.952330
382	0.954294
383	0.959536
384	0.959637
385	0.954600
386	0.952348
387	0.956167
388	0.959964
389	0.958819
390	0.953495
391	0.953159
392	0.958026
393	0.960857
394	0.955591
395	0.951992
396	0.954470
397	0.959474
398	0.959595
399	0.954707
400	0.952128
401	0.956280
402	0.960538
403	0.958307
404	0.953460
405	0.952711
406	0.957557
407	0.960336
408	0.956995
409	0.952574
410	0.953463
411	0.958877
412	0.960328
413	0.956290
414	0.952136
415	0.954480
416	0.959519
417	0.959602
418	0.954868
419	0.952101
420	0.956020
421	0.959362
422	0.959955
423	0.954764
424	0.952675
425	0.957152
426	0.959976
427	0.957900
428	0.952957
429	0.952729
430	0.957638
431	0.960587
432	0.956680
433	0.952369
434	0.953788
435	0.958806
436	0.960284
437	0.956052
438	0.952261
439	0.953848
440	0.959209
441	0.959995
442	0.955061
443	0.952103
444	0.955446
445	0.960129
446	0.959206
447	0.954408
448	0.952340
449	0.955684
450	0.960090
451	0.958699
452	0.953941
453	0.952561
454	0.957189
455	0.960651
456	0.957448
457	0.952751
458	0.954914
459	0.960051
460	0.959253
461	0.953617
462	0.953898
463	0.960212
464	0.959390
465	0.954243
466	0.952436
467	0.956090
468	0.960319
469	0.958054
470	0.953733
471	0.952957
472	0.958110
473	0.960578
474	0.956426
475	0.952037
476	0.955165
477	0.959536
478	0.959543
479	0.954781
480	0.952404
481	0.955584
482	0.959933
483	0.958892
484	0.954213
485	0.952659
486	0.956690
487	0.960384
488	0.957930
489	0.952900
490	0.954932
491	0.960081
492	0.959190
493	0.953923
494	0.953137
495	0.958231
496	0.960448
497	0.955897
498	0.953418
499	0.959424
500	0.960642
501	0.954429
502	0.953435
503	0.960008
504	0.959810
505	0.954755
506	0.956413
507	0.961403
508	0.956210
509	0.954272
510	0.959092
511	0.960473
512	0.953892
513	0.952843
514	0.957555
515	0.960536
516	0.956730
517	0.952789
518	0.956073
519	0.961499
520	0.955620
521	0.962550
522	0.956889
523	0.955058
524	0.960302
525	0.961665
526	0.954806
527	0.957345
528	0.962991
529	0.956956
530	0.955088
531	0.961696
532	0.960552
533	0.955048
534	0.959540
535	0.961956
536	0.954843
537	0.957517
538	0.962679
539	0.956925
540	0.955313
541	0.961970
542	0.960073
543	0.955430
544	0.959064
545	0.962296
546	0.956223
547	0.957393
548	0.962893
549	0.957485
550	0.955344
551	0.962037
552	0.959395
553	0.954099
554	0.959973
555	0.962021
556	0.955660
557	0.956663
558	0.963187
559	0.957239
560	0.955247
561	0.956035
562	0.956389
563	0.962815
564	0.958035
565	0.954763
566	0.961058
567	0.960876
568	0.954463
569	0.957837
570	0.962707
571	0.956125
572	0.954969
573	0.961123
574	0.960435
575	0.953811
576	0.956599
577	0.962479
578	0.958161
579	0.954389
580	0.961830
581	0.960206
582	0.953836
583	0.957945
584	0.963248
585	0.955938
586	0.955402
587	0.962603
588	0.958937
589	0.954507
590	0.958866
591	0.962546
592	0.955401
593	0.956698
594	0.962492
595	0.958322
596	0.954697
597	0.961242
598	0.960264
599	0.954957
600	0.959172
601	0.954843
602	0.961867
603	0.959307
604	0.954024
605	0.958488
606	0.962679
607	0.955136
608	0.955528
609	0.962188
610	0.958911
611	0.953838
612	0.960154
613	0.961454
614	0.954705
615	0.957079
616	0.962779
617	0.956632
618	0.954939
619	0.962042
620	0.958940
621	0.954031
622	0.960221
623	0.961538
624	0.954044
625	0.958080
626	0.962494
627	0.955673
628	0.955469
629	0.961811
630	0.959589
631	0.953352
632	0.958669
633	0.962107
634	0.955877
635	0.955580
636	0.961271
637	0.960626
638	0.954251
639	0.958405
640	0.962383
641	0.957127
642	0.962499
643	0.956193
644	0.954765
645	0.961826
646	0.958342
647	0.954368
648	0.961174
649	0.960162
650	0.954224
651	0.959282
652	0.961593
653	0.954172
654	0.956808
655	0.962553
656	0.956673
657	0.954427
658	0.961029
659	0.959334
660	0.952992
661	0.957521
662	0.962678
663	0.956374
664	0.953166
665	0.960706
666	0.960631
667	0.953377
668	0.957049
669	0.962211
670	0.955999
671	0.955228
672	0.961690
673	0.958797
674	0.954461
675	0.960909
676	0.960156
677	0.953285
678	0.956795
679	0.961901
680	0.956465
681	0.953525
682	0.957646
683	0.961820
684	0.954995
685	0.955102
686	0.960504
687	0.959469
688	0.953446
689	0.956313
690	0.961161
691	0.957808
692	0.953367
693	0.958509
694	0.961314
695	0.954979
696	0.954646
697	0.960828
698	0.959420
699	0.953683
700	0.957750
701	0.961787
702	0.955554
703	0.955323
704	0.961268
705	0.958592
706	0.953428
707	0.959954
708	0.960761
709	0.954824
710	0.955600
711	0.961488
712	0.958015
713	0.953584
714	0.959113
715	0.960914
716	0.955745
717	0.954670
718	0.960464
719	0.959905
720	0.953249
721	0.953427
722	0.959351
723	0.960734
724	0.954305
725	0.953885
726	0.959380
727	0.960191
728	0.954562
729	0.953255
730	0.959735
731	0.959760
732	0.954492
733	0.954643
734	0.960305
735	0.958998
736	0.953700
737	0.955349
738	0.961238
739	0.957237
740	0.953381
741	0.958537
742	0.960850
743	0.955062
744	0.954545
745	0.961017
746	0.958214
747	0.953431
748	0.955873
749	0.961411
750	0.956749
751	0.953667
752	0.959657
753	0.960028
754	0.954030
755	0.956750
756	0.961754
757	0.955599
758	0.954653
759	0.960210
760	0.958273
761	0.952993
762	0.956303
763	0.961972
764	0.954972
765	0.954569
766	0.959627
767	0.959157
768	0.953255
769	0.955090
770	0.960098
771	0.958414
772	0.952884
773	0.954792
774	0.960700
775	0.958131
776	0.952963
777	0.955853
778	0.961707
779	0.956151
780	0.954413
781	0.959996
782	0.959599
783	0.953412
784	0.956356
785	0.961583
786	0.957174
787	0.953492
788	0.959284
789	0.961099
790	0.953829
791	0.954594
792	0.961184
793	0.958493
794	0.953046
795	0.956360
796	0.961949
797	0.955765
798	0.953781
799	0.959876
800	0.958690
801	0.953707
802	0.955735
803	0.961976
804	0.957770
805	0.952938
806	0.959103
807	0.960543
808	0.953689
809	0.955641
810	0.961346
811	0.956480
812	0.952977
813	0.957727
814	0.960538
815	0.954284
816	0.954226
817	0.961227
818	0.957610
819	0.952712
820	0.957129
821	0.960909
822	0.954951
823	0.953749
824	0.959550
825	0.959426
826	0.953184
827	0.954858
828	0.960621
829	0.957144
830	0.952457
831	0.957495
832	0.961261
833	0.953917
834	0.953329
835	0.959818
836	0.959021
837	0.953463
838	0.956697
839	0.961253
840	0.955848
841	0.953259
842	0.960158
843	0.958735
844	0.952593
845	0.957489
846	0.959867
847	0.953693
848	0.952799
849	0.959185
850	0.959076
851	0.953345
852	0.953615
853	0.959645
854	0.958793
855	0.952674
856	0.953874
857	0.959529
858	0.958329
859	0.952904
860	0.955401
861	0.959617
862	0.956781
863	0.952839
864	0.953705
865	0.959184
866	0.958942
867	0.953987
868	0.952940
869	0.958212
870	0.959258
871	0.954643
872	0.952590
873	0.957562
874	0.959683
875	0.955100
876	0.952481
877	0.956395
878	0.959799
879	0.956234
880	0.952032
881	0.956761
882	0.960463
883	0.954426
884	0.952734
885	0.958491
886	0.959071
887	0.953151
888	0.953843
889	0.959533
890	0.957916
891	0.952748
892	0.954590
893	0.960345
894	0.957103
895	0.952110
896	0.955272
897	0.959738
898	0.955891
899	0.952491
900	0.956500
901	0.959584
902	0.955363
903	0.952442
904	0.957386
905	0.959128
906	0.954683
907	0.954629
908	0.959303
909	0.958668
910	0.952766
911	0.957351
912	0.959871
913	0.954819
914	0.952005
915	0.955744
916	0.959683
917	0.955990
918	0.951990
919	0.956147
920	0.959889
921	0.955511
922	0.952427
923	0.956480
924	0.960073
925	0.954518
926	0.951855
927	0.957345
928	0.960538
929	0.953817
930	0.952991
931	0.957834
932	0.958750
933	0.953287
934	0.953277
935	0.959374
936	0.957767
937	0.952890
938	0.952907
939	0.958127
940	0.958732
941	0.953181
942	0.952301
943	0.957085
944	0.958916
945	0.955530
946	0.952299
947	0.954552
948	0.958849
949	0.957326
950	0.952800
951	0.952526
952	0.957685
953	0.959433
954	0.954040
955	0.952682
956	0.956642
957	0.959201
958	0.954533
959	0.952652
960	0.957843
961	0.959467
962	0.953394
963	0.952725
964	0.957590
965	0.958982
966	0.953406
967	0.952281
968	0.958923
969	0.958338
970	0.951849
971	0.954327
972	0.959258
973	0.956645
974	0.951851
975	0.954854
976	0.959295
977	0.956461
978	0.951765
979	0.953941
980	0.958760
981	0.957442
982	0.952565
983	0.953888
984	0.959061
985	0.957608
986	0.952065
987	0.955347
988	0.959199
989	0.955241
990	0.951524
991	0.955022
992	0.959140
993	0.956365
994	0.951834
995	0.956277
996	0.959570
997	0.955103
998	0.952088
999	0.957092
1000	0.958654
1001	0.953659
1002	0.951564
1003	0.957146
1004	0.958880
1005	0.952543
1006	0.952294
1007	0.957888
1008	0.958259
1009	0.952606
1010	0.951829
1011	0.957436
1012	0.958652
1013	0.952400
1014	0.951825
1015	0.957723
1016	0.958489
1017	0.952355
1018	0.951331
1019	0.956559
1020	0.958781
1021	0.954772
1022	0.951442
1023	0.954933
1024	0.958859
1025	0.956377
1026	0.951434
1027	0.952520
1028	0.958204
1029	0.957919
1030	0.951840
1031	0.950963
1032	0.956148
1033	0.958858
1034	0.955069
1035	0.950993
1036	0.954144
1037	0.958696
1038	0.956827
1039	0.951654
1040	0.953500
1041	0.958419
1042	0.957113
1043	0.951624
1044	0.955642
1045	0.959227
1046	0.953728
1047	0.951194
1048	0.955746
1049	0.959254
1050	0.954120
1051	0.951477
1052	0.957342
1053	0.958076
1054	0.953051
1055	0.951087
1056	0.955934
1057	0.958887
1058	0.954880
1059	0.952210
1060	0.957761
1061	0.957964
1062	0.952187
1063	0.952192
1064	0.957932
1065	0.957841
1066	0.951761
1067	0.953365
1068	0.958813
1069	0.956723
1070	0.951361
1071	0.955406
1072	0.959004
1073	0.954715
1074	0.951461
1075	0.956386
1076	0.958645
1077	0.952872
1078	0.951217
1079	0.955923
1080	0.958174
1081	0.953814
1082	0.950137
1083	0.954478
1084	0.958402
1085	0.955554
1086	0.950514
1087	0.953418
1088	0.958519
1089	0.956647
1090	0.950874
1091	0.954125
1092	0.959456
1093	0.955338
1094	0.950329
1095	0.954072
1096	0.959423
1097	0.954506
1098	0.951290
1099	0.956075
1100	0.958661
1101	0.953887
1102	0.950959
1103	0.955163
1104	0.958773
1105	0.954862
1106	0.950471
1107	0.953981
1108	0.959361
1109	0.955608
1110	0.950583
1111	0.954103
1112	0.958910
1113	0.955471
1114	0.951023
1115	0.955502
1116	0.959613
1117	0.953227
1118	0.951649
1119	0.956858
1120	0.957504
1121	0.951460
1122	0.951321
1123	0.958116
1124	0.957696
1125	0.951258
1126	0.951709
1127	0.958532
1128	0.956316
1129	0.951072
1130	0.951479
1131	0.957572
1132	0.957702
1133	0.951848
1134	0.951622
1135	0.956870
1136	0.958031
1137	0.951070
1138	0.951061
1139	0.957018
1140	0.958099
1141	0.951683
1142	0.951732
1143	0.957475
1144	0.958068
1145	0.952084
1146	0.950853
1147	0.956697
1148	0.958304
1149	0.952859
1150	0.950095
1151	0.955903
1152	0.958913
1153	0.953254
1154	0.950212
1155	0.954309
1156	0.958681
1157	0.955581
1158	0.950216
1159	0.952429
1160	0.958383
1161	0.956939
1162	0.950923
1163	0.950793
1164	0.957083
1165	0.957928
1166	0.952044
1167	0.950373
1168	0.956501
1169	0.958155
1170	0.952348
1171	0.949814
1172	0.955218
1173	0.958612
1174	0.954035
1175	0.949908
1176	0.953948
1177	0.958734
1178	0.955116
1179	0.950105
1180	0.952678
1181	0.958743
1182	0.956521
1183	0.950197
1184	0.951953
1185	0.957459
1186	0.956909
1187	0.951169
1188	0.949898
1189	0.955750
1190	0.958443
1191	0.954124
1192	0.949557
1193	0.952753
1194	0.958223
1195	0.956152
1196	0.950195
1197	0.951928
1198	0.957663
1199	0.957064
1200	0.950646
1201	0.950260
1202	0.956147
1203	0.958103
1204	0.951899
1205	0.950453
1206	0.956052
1207	0.958036
1208	0.952382
1209	0.949784
1210	0.955029
1211	0.957914
1212	0.952995
1213	0.949762
1214	0.953599
1215	0.957948
1216	0.954756
1217	0.950082
1218	0.952774
1219	0.957733
1220	0.955858
1221	0.950365
1222	0.951446
1223	0.957534
1224	0.957274
1225	0.950620
1226	0.952245
1227	0.957812
1228	0.956104
1229	0.950570
1230	0.950574
1231	0.956164
1232	0.957650
1233	0.952186
1234	0.949628
1235	0.953267
1236	0.957488
1237	0.955669
1238	0.950212
1239	0.950846
1240	0.957312
1241	0.957103
1242	0.950800
1243	0.949730
1244	0.955290
1245	0.958322
1246	0.952261
1247	0.949107
1248	0.954662
1249	0.958047
1250	0.952947
1251	0.949604
1252	0.952590
1253	0.957800
1254	0.954975
1255	0.949824
1256	0.949998
1257	0.956125
1258	0.957187
1259	0.951987
1260	0.949164
1261	0.953189
1262	0.957821
1263	0.955233
1264	0.949860
1265	0.950743
1266	0.956288
1267	0.957028
1268	0.951313
1269	0.949582
1270	0.954828
1271	0.957860
1272	0.953886
1273	0.949320
1274	0.954168
1275	0.958522
1276	0.953152
1277	0.949436
1278	0.953346
1279	0.957771
1280	0.953927
1281	0.949066
1282	0.951944
1283	0.957403
1284	0.955550
1285	0.949682
1286	0.950618
1287	0.956807
1288	0.956528
1289	0.950749
1290	0.949642
1291	0.954755
1292	0.957340
1293	0.953551
1294	0.949034
1295	0.951853
1296	0.957279
1297	0.955374
1298	0.949762
1299	0.950881
1300	0.956838
1301	0.956590
1302	0.950208
1303	0.951014
1304	0.957072
1305	0.956249
1306	0.950098
1307	0.949988
1308	0.955288
1309	0.957433
1310	0.952823
1311	0.948749
1312	0.952802
1313	0.958416
1314	0.954208
1315	0.949133
1316	0.952587
1317	0.957274
1318	0.954881
1319	0.949778
1320	0.953892
1321	0.957497
1322	0.953579
1323	0.948966
1324	0.952638
1325	0.957544
1326	0.954432
1327	0.949224
1328	0.951201
1329	0.958256
1330	0.953845
1331	0.949161
1332	0.952545
1333	0.957390
1334	0.954791
1335	0.949406
1336	0.952177
1337	0.957815
1338	0.954816
1339	0.949142
1340	0.951049
1341	0.956755
1342	0.955591
1343	0.949456
1344	0.951379
1345	0.957466
1346	0.955543
1347	0.949289
1348	0.952446
1349	0.957487
1350	0.955077
1351	0.949399
1352	0.950490
1353	0.956375
1354	0.956626
1355	0.950505
1356	0.949720
1357	0.955120
1358	0.956890
1359	0.952667
1360	0.948962
1361	0.952758
1362	0.957799
1363	0.953899
1364	0.949392
1365	0.952867
1366	0.957347
1367	0.953391
1368	0.948557
1369	0.951676
1370	0.957404
1371	0.953807
1372	0.948590
1373	0.952734
1374	0.957857
1375	0.953153
1376	0.948687
1377	0.952197
1378	0.957859
1379	0.953519
1380	0.948889
1381	0.951602
1382	0.957056
1383	0.954954
1384	0.949286
1385	0.950490
1386	0.956323
1387	0.956174
1388	0.949610
1389	0.950471
1390	0.956075
1391	0.955893
1392	0.950580
1393	0.948183
1394	0.951867
1395	0.956381
1396	0.954932
1397	0.949385
1398	0.948976
1399	0.953700
1400	0.956451
1401	0.953399
1402	0.948003
1403	0.949100
1404	0.954610
1405	0.956366
1406	0.951731
1407	0.947823
1408	0.951326
1409	0.956381
1410	0.955002
1411	0.949446
1412	0.948474
1413	0.953878
1414	0.956668
1415	0.953122
1416	0.948201
1417	0.949806
1418	0.955103
1419	0.956415
1420	0.951392
1421	0.947904
1422	0.951545
1423	0.956529
1424	0.954849
1425	0.948388
1426	0.949387
1427	0.955538
1428	0.956558
1429	0.951013
1430	0.947861
1431	0.951934
1432	0.956730
1433	0.954528
1434	0.948892
1435	0.948898
1436	0.954616
1437	0.956906
1438	0.951685
1439	0.948013
1440	0.952863
1441	0.956389
1442	0.954336
1443	0.948740
1444	0.948319
1445	0.953714
1446	0.956492
1447	0.952491
1448	0.947723
1449	0.950314
1450	0.955667
1451	0.955532
1452	0.949914
1453	0.947903
1454	0.953334
1455	0.956745
1456	0.952564
1457	0.948253
1458	0.952149
1459	0.956182
1460	0.954244
1461	0.948744
1462	0.948192
1463	0.953294
1464	0.956601
1465	0.952449
1466	0.947662
1467	0.950585
1468	0.956097
1469	0.954926
1470	0.948927
1471	0.948543
1472	0.953541
1473	0.956431
1474	0.952592
1475	0.947880
1476	0.949196
1477	0.955131
1478	0.956121
1479	0.950665
1480	0.947717
1481	0.951186
1482	0.955644
1483	0.954175
1484	0.949378
1485	0.948865
1486	0.954395
1487	0.955653
1488	0.950808
1489	0.947569
1490	0.950485
1491	0.955999
1492	0.954177
1493	0.948780
1494	0.948495
1495	0.953955
1496	0.955963
1497	0.951039
1498	0.947770
1499	0.951036
1500	0.955771
1501	0.954054
1502	0.948665
1503	0.948367
1504	0.953625
1505	0.955860
1506	0.951605
1507	0.947785
1508	0.951441
1509	0.955915
1510	0.954307
1511	0.949089
1512	0.949619
1513	0.954366
1514	0.955295
1515	0.951189
1516	0.948625
1517	0.949632
1518	0.955083
1519	0.954841
1520	0.949395
1521	0.947869
1522	0.952468
1523	0.955566
1524	0.952335
1525	0.947977
1526	0.950000
1527	0.955155
1528	0.954438
1529	0.949505
1530	0.948056
1531	0.952198
1532	0.955610
1533	0.952824
1534	0.948015
1535	0.948564
1536	0.954071
1537	0.955152
1538	0.950809
1539	0.947798
1540	0.951875
1541	0.955641
1542	0.953061
1543	0.948214
1544	0.949138
1545	0.953957
1546	0.955144
1547	0.951672
1548	0.947987
1549	0.952342
1550	0.955571
1551	0.952386
1552	0.947927
1553	0.949373
1554	0.955068
1555	0.954465
1556	0.949472
1557	0.947686
1558	0.951600
1559	0.955824
1560	0.951957
1561	0.947802
1562	0.949988
1563	0.954714
1564	0.954207
1565	0.948819
1566	0.948070
1567	0.953397
1568	0.955252
1569	0.950828
1570	0.947097
1571	0.950498
1572	0.954758
1573	0.954004
1574	0.948990
1575	0.947660
1576	0.952370
1577	0.955184
1578	0.952015
1579	0.947842
1580	0.949488
1581	0.954019
1582	0.954511
1583	0.949458
1584	0.947612
1585	0.951937
1586	0.955638
1587	0.952736
1588	0.948029
1589	0.948509
1590	0.953368
1591	0.955049
1592	0.951206
1593	0.947883
1594	0.951190
1595	0.955216
1596	0.954128
1597	0.948440
1598	0.948847
1599	0.953289
1600	0.954635
1601	0.950502
1602	0.947520
1603	0.952669
1604	0.955132
1605	0.952007
1606	0.947555
1607	0.949419
1608	0.954856
1609	0.953938
1610	0.948804
1611	0.947959
1612	0.952979
1613	0.955021
1614	0.951001
1615	0.947114
1616	0.949880
1617	0.955446
1618	0.953892
1619	0.948322
1620	0.947397
1621	0.951916
1622	0.955095
1623	0.951999
1624	0.947178
1625	0.949388
1626	0.954791
1627	0.954039
1628	0.948735
1629	0.947393
1630	0.951823
1631	0.955260
1632	0.951763
1633	0.947532
1634	0.949236
1635	0.954021
1636	0.954786
1637	0.949401
1638	0.947543
1639	0.952853
1640	0.955087
1641	0.950323
1642	0.946865
1643	0.949499
1644	0.954503
1645	0.953650
1646	0.948520
1647	0.946967
1648	0.951834
1649	0.955406
1650	0.951500
1651	0.946868
1652	0.948741
1653	0.953771
1654	0.954379
1655	0.949094
1656	0.946979
1657	0.951352
1658	0.954933
1659	0.952458
1660	0.947280
1661	0.948489
1662	0.953889
1663	0.954669
1664	0.949570
1665	0.946735
1666	0.950241
1667	0.954557
1668	0.953226
1669	0.948397
1670	0.947525
1671	0.952873
1672	0.955021
1673	0.951002
1674	0.946853
1675	0.949124
1676	0.954257
1677	0.954021
1678	0.948642
1679	0.946856
1680	0.952575
1681	0.955059
1682	0.951129
1683	0.946712
1684	0.948933
1685	0.954353
1686	0.953631
1687	0.948281
1688	0.946872
1689	0.951796
1690	0.954882
1691	0.950999
1692	0.946284
1693	0.948369
1694	0.953597
1695	0.954263
1696	0.949250
1697	0.946466
1698	0.950273
1699	0.954950
1700	0.952450
1701	0.946978
1702	0.948168
1703	0.953601
1704	0.954607
1705	0.949755
1706	0.946378
1707	0.950770
1708	0.955027
1709	0.952652
1710	0.947128
1711	0.947509
1712	0.953259
1713	0.955085
1714	0.949891
1715	0.946135
1716	0.949811
1717	0.954733
1718	0.953427
1719	0.947998
1720	0.948126
1721	0.952896
1722	0.954892
1723	0.949729
1724	0.946179
1725	0.949956
1726	0.954914
1727	0.952243
1728	0.946746
1729	0.948657
1730	0.953702
1731	0.953579
1732	0.948254
1733	0.946335
1734	0.951276
1735	0.954888
1736	0.951173
1737	0.946079
1738	0.949123
1739	0.953977
1740	0.953365
1741	0.948092
1742	0.946586
1743	0.951076
1744	0.954584
1745	0.951199
1746	0.946409
1747	0.948108
1748	0.953705
1749	0.954244
1750	0.948526
1751	0.946610
1752	0.951527
1753	0.954576
1754	0.950640
1755	0.946490
1756	0.948391
1757	0.953922
1758	0.953853
1759	0.948074
1760	0.946617
1761	0.950834
1762	0.954116
1763	0.951114
1764	0.946430
1765	0.947608
1766	0.952722
1767	0.953906
1768	0.949234
1769	0.946042
1770	0.950324
1771	0.954376
1772	0.951959
1773	0.946930
1774	0.947139
1775	0.952458
1776	0.954261
1777	0.948953
1778	0.946150
1779	0.949757
1780	0.954078
1781	0.952182
1782	0.947218
1783	0.947107
1784	0.951943
1785	0.954170
1786	0.949908
1787	0.945988
1788	0.949668
1789	0.954270
1790	0.952368
1791	0.947251
1792	0.946890
1793	0.951793
1794	0.954286
1795	0.950313
1796	0.946257
1797	0.948005
1798	0.952753
1799	0.953678
1800	0.948316
1801	0.946097
1802	0.948939
1803	0.953841
1804	0.952341
1805	0.947191
1806	0.946757
1807	0.951781
1808	0.953723
1809	0.949039
1810	0.946205
1811	0.949718
1812	0.953581
1813	0.951616
1814	0.946749
1815	0.946899
1816	0.952006
1817	0.954100
1818	0.949074
1819	0.946284
1820	0.950419
1821	0.953923
1822	0.951238
1823	0.946253
1824	0.946649
1825	0.951437
1826	0.953899
1827	0.949960
1828	0.945917
1829	0.947520
1830	0.952834
1831	0.953500
1832	0.949209
1833	0.946042
1834	0.949033
1835	0.953771
1836	0.952103
1837	0.947020
1838	0.946463
1839	0.951783
1840	0.953671
1841	0.949598
1842	0.945731
1843	0.948214
1844	0.953322
1845	0.952574
1846	0.947858
1847	0.945692
1848	0.950575
1849	0.954410
1850	0.950242
1851	0.945748
1852	0.947998
1853	0.953080
1854	0.952934
1855	0.947520
1856	0.945527
1857	0.949532
1858	0.953884
1859	0.951554
1860	0.946578
1861	0.946095
1862	0.951576
1863	0.953900
1864	0.949653
1865	0.946338
1866	0.951553
1867	0.954421
1868	0.948222
1869	0.947517
1870	0.953425
1871	0.952643
1872	0.946741
1873	0.947452
1874	0.954082
1875	0.952568
1876	0.946232
1877	0.947580
1878	0.953199
1879	0.952685
1880	0.945957
1881	0.946688
1882	0.952152
1883	0.953349
1884	0.948563
1885	0.945424
1886	0.949373
1887	0.953348
1888	0.951170
1889	0.946071
1890	0.946979
1891	0.952274
1892	0.952897
1893	0.948125
1894	0.945616
1895	0.949374
1896	0.953620
1897	0.951176
1898	0.945857
1899	0.946967
1900	0.952062
1901	0.953097
1902	0.948052
1903	0.945520
1904	0.948940
1905	0.953477
1906	0.951453
1907	0.946441
1908	0.946514
1909	0.951965
1910	0.953280
1911	0.947625
1912	0.945820
1913	0.951002
1914	0.953382
1915	0.949576
1916	0.945477
1917	0.948086
1918	0.952534
1919	0.952570
1920	0.946749
1921	0.945435
1922	0.949880
1923	0.953134
1924	0.950163
1925	0.945484
1926	0.947217
1927	0.952185
1928	0.952500
1929	0.947751
1930	0.946540
1931	0.951192
1932	0.953264
1933	0.948841
1934	0.945584
1935	0.948334
1936	0.952735
1937	0.951134
1938	0.946557
1939	0.945732
1940	0.950389
1941	0.952974
1942	0.949453
1943	0.945366
1944	0.947615
1945	0.952522
1946	0.952240
1947	0.947331
1948	0.945289
1949	0.949969
1950	0.953070
1951	0.950047
1952	0.945744
1953	0.947302
1954	0.951943
1955	0.952357
1956	0.948228
1957	0.945466
1958	0.948689
1959	0.952488
1960	0.950440
1961	0.946281
1962	0.945331
1963	0.949635
1964	0.952934
1965	0.950258
1966	0.945155
1967	0.947142
1968	0.951599
1969	0.952249
1970	0.947625
1971	0.944887
1972	0.947500
1973	0.952234
1974	0.951828
1975	0.947499
1976	0.945567
1977	0.949366
1978	0.952770
1979	0.950146
1980	0.945386
1981	0.946147
1982	0.951517
1983	0.952657
1984	0.947967
1985	0.945201
1986	0.948168
1987	0.952317
1988	0.951641
1989	0.946791
1990	0.945432
1991	0.949896
1992	0.953083
1993	0.949600
1994	0.945208
1995	0.947096
1996	0.952176
1997	0.951925
1998	0.947292
1999	0.945162
2000	0.950088
2001	0.952836
2002	0.949679
2003	0.944765
2004	0.946481
2005	0.951241
2006	0.952123
2007	0.948008
2008	0.944678
2009	0.947954
2010	0.952386
2011	0.950984
2012	0.946146
2013	0.944996
2014	0.949729
2015	0.952837
2016	0.949118
2017	0.944685
2018	0.946926
2019	0.952270
2020	0.951470
2021	0.946320
2022	0.945044
2023	0.949470
2024	0.952861
2025	0.949468
2026	0.945257
2027	0.947177
2028	0.952124
2029	0.951684
2030	0.946785
2031	0.944998
2032	0.949719
2033	0.952943
2034	0.950055
2035	0.945028
2036	0.947304
2037	0.952265
2038	0.951800
2039	0.946265
2040	0.946213
2041	0.950453
2042	0.952485
2043	0.948138
2044	0.944734
2045	0.948124
2046	0.952260
2047	0.950215
2048	0.945704
2049	0.945292
2050	0.950818
2051	0.952273
2052	0.947930
2053	0.944420
2054	0.947684
2055	0.951727
2056	0.951137
2057	0.946180
2058	0.944595
2059	0.948755
2060	0.952451
2061	0.949709
2062	0.945117
2063	0.945239
2064	0.950181
2065	0.952126
2066	0.948433
2067	0.944293
2068	0.946608
2069	0.951629
2070	0.951815
2071	0.947072
2072	0.944603
2073	0.947942
2074	0.952069
2075	0.950572
2076	0.945752
2077	0.945143
2078	0.949340
2079	0.952228
2080	0.948465
2081	0.944490
2082	0.945524
2083	0.950929
2084	0.951764
2085	0.947136
2086	0.944282
2087	0.947522
2088	0.951829
2089	0.950527
2090	0.945334
2091	0.945349
2092	0.950493
2093	0.951631
2094	0.947942
2095	0.944254
2096	0.946902
2097	0.951894
2098	0.951041
2099	0.946719
2100	0.945448
2101	0.949814
2102	0.952321
2103	0.948307
2104	0.943956
2105	0.946484
2106	0.951182
2107	0.951584
2108	0.946865
2109	0.944443
2110	0.948269
2111	0.952140
2112	0.949683
2113	0.945002
2114	0.945967
2115	0.950837
2116	0.951842
2117	0.946854
2118	0.944277
2119	0.948109
2120	0.952486
2121	0.949066
2122	0.944179
2123	0.945414
2124	0.950726
2125	0.951433
2126	0.946856
2127	0.943780
2128	0.947300
2129	0.951948
2130	0.950215
2131	0.945222
2132	0.944532
2133	0.949834
2134	0.952012
2135	0.947939
2136	0.944041
2137	0.947986
2138	0.952632
2139	0.949337
2140	0.944057
2141	0.945671
2142	0.950951
2143	0.951451
2144	0.945982
2145	0.944097
2146	0.948494
2147	0.952375
2148	0.949279
2149	0.944525
2150	0.946804
2151	0.951637
2152	0.950843
2153	0.945436
2154	0.944995
2155	0.950239
2156	0.952093
2157	0.947458
2158	0.943925
2159	0.946722
2160	0.951959
2161	0.950659
2162	0.945082
2163	0.943996
2164	0.949532
2165	0.952065
2166	0.947482
2167	0.943636
2168	0.946642
2169	0.951694
2170	0.950431
2171	0.945323
2172	0.943944
2173	0.948850
2174	0.951892
2175	0.948417
2176	0.943782
2177	0.945084
2178	0.950702
2179	0.951407
2180	0.946307
2181	0.943174
2182	0.947303
2183	0.952033
2184	0.949520
2185	0.944167
2186	0.945441
2187	0.950952
2188	0.951362
2189	0.945824
2190	0.943638
2191	0.948115
2192	0.952073
2193	0.949402
2194	0.944188
2195	0.945391
2196	0.950688
2197	0.951516
2198	0.946247
2199	0.943981
2200	0.950228
2201	0.952114
2202	0.946841
2203	0.942999
2204	0.946042
2205	0.951423
2206	0.950687
2207	0.945015
2208	0.943888
2209	0.949209
2210	0.951911
2211	0.947393
2212	0.943006
2213	0.946177
2214	0.951235
2215	0.950475
2216	0.944629
2217	0.944229
2218	0.949848
2219	0.951921
2220	0.946748
2221	0.943420
2222	0.947705
2223	0.951970
2224	0.949361
2225	0.943716
2226	0.944300
2227	0.950089
2228	0.951623
2229	0.946490
2230	0.943077
2231	0.946325
2232	0.951198
2233	0.950446
2234	0.944537
2235	0.943780
2236	0.949146
2237	0.951892
2238	0.947199
2239	0.943273
2240	0.947431
2241	0.951806
2242	0.949255
2243	0.943951
2244	0.944607
2245	0.950583
2246	0.950822
2247	0.945007
2248	0.943578
2249	0.948879
2250	0.951742
2251	0.946613
2252	0.942590
2253	0.945855
2254	0.951236
2255	0.950013
2256	0.943750
2257	0.944719
2258	0.950043
2259	0.951210
2260	0.945922
2261	0.942940
2262	0.946702
2263	0.951746
2264	0.949977
2265	0.944134
2266	0.943556
2267	0.949107
2268	0.951855
2269	0.947194
2270	0.943137
2271	0.946765
2272	0.951742
2273	0.949148
2274	0.943567
2275	0.944713
2276	0.950550
2277	0.950892
2278	0.945142
2279	0.943118
2280	0.949524
2281	0.951829
2282	0.945988
2283	0.942499
2284	0.946553
2285	0.951741
2286	0.949247
2287	0.943398
2288	0.943829
2289	0.949737
2290	0.951511
2291	0.946442
2292	0.942421
2293	0.946312
2294	0.951649
2295	0.949101
2296	0.943204
2297	0.943540
2298	0.949359
2299	0.951388
2300	0.945801
2301	0.942721
2302	0.947403
2303	0.951677
2304	0.948521
2305	0.943127
2306	0.943681
2307	0.949839
2308	0.951471
2309	0.945486
2310	0.942516
2311	0.946848
2312	0.951963
2313	0.948904
2314	0.943242
2315	0.944337
2316	0.949887
2317	0.951012
2318	0.945243
2319	0.942736
2320	0.948463
2321	0.951708
2322	0.947713
2323	0.942433
2324	0.943662
2325	0.949725
2326	0.951243
2327	0.945261
2328	0.942535
2329	0.947574
2330	0.951588
2331	0.948010
2332	0.942637
2333	0.944742
2334	0.950524
2335	0.950467
2336	0.944533
2337	0.942362
2338	0.947602
2339	0.951692
2340	0.947543
2341	0.942366
2342	0.943600
2343	0.949602
2344	0.951111
2345	0.945616
2346	0.941968
2347	0.946155
2348	0.951153
2349	0.949420
2350	0.943431
2351	0.942609
2352	0.948305
2353	0.951474
2354	0.947271
2355	0.942059
2356	0.945480
2357	0.951581
2358	0.949441
2359	0.942693
2360	0.944331
2361	0.949531
2362	0.951098
2363	0.945529
2364	0.942131
2365	0.946078
2366	0.950903
2367	0.948664
2368	0.942869
2369	0.943371
2370	0.949400
2371	0.950748
2372	0.945200
2373	0.941895
2374	0.946704
2375	0.951272
2376	0.948152
2377	0.942432
2378	0.943556
2379	0.949354
2380	0.950596
2381	0.945279
2382	0.941862
2383	0.946280
2384	0.951162
2385	0.948543
2386	0.942916
2387	0.943687
2388	0.950340
2389	0.950342
2390	0.944303
2391	0.941522
2392	0.946251
2393	0.951132
2394	0.948780
2395	0.942897
2396	0.942851
2397	0.948910
2398	0.951163
2399	0.946263
2400	0.942549
2401	0.946004
2402	0.950451
2403	0.948573
2404	0.942868
2405	0.942894
2406	0.948600
2407	0.950262
2408	0.945812
2409	0.941894
2410	0.945557
2411	0.950734
2412	0.948161
2413	0.943213
2414	0.942762
2415	0.948535
2416	0.950640
2417	0.945647
2418	0.941863
2419	0.945357
2420	0.950126
2421	0.949253
2422	0.943427
2423	0.942577
2424	0.948172
2425	0.950817
2426	0.946366
2427	0.941761
2428	0.944398
2429	0.950028
2430	0.949518
2431	0.943566
2432	0.942797
2433	0.947867
2434	0.950656
2435	0.945798
2436	0.941939
2437	0.945130
2438	0.950201
2439	0.948671
2440	0.942823
2441	0.942357
2442	0.947675
2443	0.950236
2444	0.946034
2445	0.941890
2446	0.944272
2447	0.949388
2448	0.949052
2449	0.943928
2450	0.942324
2451	0.947527
2452	0.950274
2453	0.946287
2454	0.941934
2455	0.944761
2456	0.950255
2457	0.948572
2458	0.943388
2459	0.942331
2460	0.947693
2461	0.950230
2462	0.945839
2463	0.942003
2464	0.944494
2465	0.949781
2466	0.948792
2467	0.943671
2468	0.942020
2469	0.947218
2470	0.950079
2471	0.947009
2472	0.942306
2473	0.942776
2474	0.948110
2475	0.949893
2476	0.945629
2477	0.941792
2478	0.945535
2479	0.950023
2480	0.947430
2481	0.942460
2482	0.942350
2483	0.947602
2484	0.950460
2485	0.945382
2486	0.941452
2487	0.944643
2488	0.949539
2489	0.948322
2490	0.943186
2491	0.942490
2492	0.947562
2493	0.949991
2494	0.945648
2495	0.942188
2496	0.945139
2497	0.950112
2498	0.947893
2499	0.942130
2500	0.942622
2501	0.947902
2502	0.949774
2503	0.945583
2504	0.941499
2505	0.944800
2506	0.949660
2507	0.948416
2508	0.942525
2509	0.942681
2510	0.948272
2511	0.949876
2512	0.944322
2513	0.941963
2514	0.947309
2515	0.950607
2516	0.945581
2517	0.941689
2518	0.945144
2519	0.950111
2520	0.947142
2521	0.942499
2522	0.942982
2523	0.948470
2524	0.949330
2525	0.943714
2526	0.942076
2527	0.946857
2528	0.950158
2529	0.945355
2530	0.941626
2531	0.944962
2532	0.949379
2533	0.948041
2534	0.942324
2535	0.941785
2536	0.946435
2537	0.949828
2538	0.946083
2539	0.942033
2540	0.944183
2541	0.949669
2542	0.948117
2543	0.942536
2544	0.942119
2545	0.947746
2546	0.949867
2547	0.944977
2548	0.941268
2549	0.945116
2550	0.949779
2551	0.947728
2552	0.941958
2553	0.943117
2554	0.948531
2555	0.949092
2556	0.943701
2557	0.941665
2558	0.946882
2559	0.950455
2560	0.944590
