0	6.988151
1	7.254906
2	7.225468
3	7.102820
4	6.813654
5	6.942828
6	7.042900
7	7.100366
8	6.999325
9	6.865742
10	6.796362
11	6.545025
12	6.534781
13	6.482760
14	6.659739
15	6.493695
16	6.499181
17	6.586993
18	6.288304
19	6.072104
20	6.267811
21	6.300509
22	6.752970
23	6.894016
24	6.642080
25	6.365859
26	6.199200
27	6.424555
28	6.542765
29	6.487779
30	6.455037
31	5.983558
32	6.254003
33	6.313199
34	6.124784
35	6.120393
36	6.448243
37	6.486139
38	6.844773
39	6.567427
40	6.532386
41	6.399105
42	6.401299
43	6.626760
44	6.963408
45	7.292194
46	7.523629
47	7.424076
48	7.220972
49	7.044605
50	7.416463
51	7.655828
52	7.755202
53	7.839211
54	7.592228
55	7.563629
56	7.222615
57	7.247011
58	7.347735
59	7.239697
60	7.058571
61	7.262547
62	7.491483
63	7.595679
64	7.573157
65	7.443429
66	7.402535
67	7.439252
68	7.398521
69	7.337724
70	7.565304
71	7.919228
72	7.774571
73	7.349507
74	7.228662
75	7.115077
76	7.245585
77	7.680945
78	7.582753
79	7.573533
80	7.373483
81	7.236032
82	7.011880
83	7.065916
84	7.009526
85	6.724130
86	6.535821
87	6.350020
88	6.487977
89	6.656729
90	6.845365
91	6.677727
92	6.681530
93	6.534201
94	6.475542
95	6.324784
96	6.421698
97	6.623323
98	6.860991
99	6.936848
100	6.936473
101	7.218132
102	7.074325
103	6.929496
104	7.050661
105	6.941002
106	6.840169
107	6.547322
108	6.484767
109	6.565001
110	6.815284
111	6.781064
112	6.689547
113	6.739579
114	6.735672
115	6.639175
116	6.637483
117	6.469725
118	6.723503
119	6.768109
120	6.777045
121	6.724303
122	6.653468
123	6.668705
124	6.899553
125	7.035043
126	7.163171
127	6.772387
128	6.268121
129	6.433504
130	6.818373
131	6.969909
132	7.106133
133	6.951125
134	6.560531
135	6.347944
136	6.879134
137	7.102932
138	7.049126
139	6.794712
140	6.603374
141	6.776306
142	6.792401
143	7.243196
144	7.235899
145	6.868974
146	6.743460
147	6.833072
148	7.007437
149	6.752980
150	6.642124
151	6.595180
152	6.380187
153	6.838879
154	6.797671
155	6.988644
156	7.215337
157	7.118002
158	7.149622
159	7.260646
160	7.297767
161	7.019085
162	6.765014
163	6.940920
164	6.961479
165	6.772140
166	6.575284
167	6.132517
168	6.320789
169	6.478710
170	6.732088
171	6.469917
172	6.387546
173	6.374403
174	6.473712
175	6.569221
176	6.802226
177	6.641411
178	6.548105
179	6.845176
180	6.946262
181	7.169032
182	7.025417
183	6.567420
184	6.593758
185	6.781800
186	7.009876
187	7.053304
188	6.716000
189	6.569873
190	6.140860
191	6.036552
192	6.436496
193	6.711122
194	6.559419
195	6.441367
196	6.496313
197	6.652213
198	6.690050
199	6.677738
200	6.524683
201	6.724024
202	6.948841
203	6.847919
204	6.727979
205	6.856194
206	6.526176
207	6.539155
208	6.556445
209	6.750751
210	6.761775
211	6.549742
212	6.561119
213	6.360495
214	6.630882
215	6.574283
216	6.634084
217	6.788345
218	6.684615
219	6.879614
220	6.906798
221	6.935385
222	7.057828
223	7.014115
224	6.621242
225	6.672032
226	6.677650
227	6.510391
228	6.757935
229	6.535079
230	6.646130
231	6.884598
232	6.550224
233	6.655597
234	6.807988
235	7.170397
236	7.316151
237	6.876643
238	6.553658
239	6.553011
240	6.734385
241	6.984337
242	6.872519
243	6.897567
244	6.737193
245	6.711142
246	6.858637
247	6.562490
248	6.245263
249	6.337689
250	6.645694
251	6.612214
252	6.686128
253	6.631497
254	6.746214
255	6.815252
256	6.951563
257	6.720556
258	6.826318
259	6.761099
260	6.911344
261	6.722580
262	6.549542
263	6.748065
264	6.927415
265	7.024430
266	7.110125
267	6.771365
268	7.071723
269	6.999846
270	6.956243
271	6.822485
272	6.693469
273	6.729998
274	6.919283
275	6.990974
276	6.957408
277	6.961402
278	6.923218
279	6.915820
280	6.655839
281	6.572280
282	6.742134
283	6.321043
284	6.415661
285	6.513668
286	6.525673
287	6.571741
288	6.554348
289	6.416716
290	6.642991
291	6.838303
292	6.720252
293	6.772706
294	6.658558
295	6.713852
296	6.642287
297	6.509118
298	6.622204
299	6.767086
300	6.792036
301	6.594049
302	6.489971
303	6.737597
304	6.548333
305	6.615418
306	6.647602
307	6.555262
308	6.554361
309	6.922749
310	6.869614
311	7.274826
312	7.104003
313	6.513572
314	6.560170
315	6.551581
316	6.594130
317	6.608310
318	6.843421
319	6.717369
320	6.644514
321	6.732647
322	6.542091
323	6.670800
324	6.425980
325	6.394554
326	6.490011
327	6.459505
328	6.395008
329	6.715172
330	6.703269
331	6.462643
332	6.400500
333	6.203639
334	6.453963
335	6.838598
336	7.000105
337	6.758934
338	6.739946
339	6.653769
340	6.341815
341	6.476055
342	6.516815
343	6.483637
344	6.414034
345	6.426638
346	6.636956
347	6.844135
348	6.743636
349	6.833800
350	6.753172
351	6.820821
352	6.888443
353	6.752333
354	6.701434
355	6.793579
356	6.800962
357	6.994041
358	6.776746
359	6.569134
360	6.427805
361	6.279032
362	6.692056
363	6.507165
364	6.742138
365	7.066430
366	6.868919
367	6.703949
368	6.577038
369	6.692822
370	6.827408
371	6.727768
372	6.883900
373	6.899528
374	6.708187
375	6.525350
376	6.471221
377	6.585375
378	6.449339
379	6.565567
380	6.582837
381	6.735242
382	6.554993
383	6.671409
384	6.731084
385	6.597382
386	6.176643
387	6.092352
388	6.290681
389	6.219051
390	6.143445
391	6.166811
392	6.331870
393	6.723522
394	6.764306
395	6.734153
396	6.503875
397	6.448283
398	6.419335
399	6.749394
400	7.030055
401	7.185813
402	6.990133
403	6.866292
404	6.697633
405	6.984999
406	6.930734
407	6.922966
408	6.961299
409	6.718311
410	6.706562
411	6.560299
412	6.539535
413	6.958169
414	7.054585
415	7.053969
416	6.972204
417	6.904566
418	6.612294
419	6.637190
420	6.539867
421	6.481914
422	6.537983
423	6.606853
424	6.415708
425	6.322557
426	6.623685
427	6.761647
428	6.670561
429	6.440503
430	6.331446
431	6.579012
432	6.871962
433	7.078579
434	7.216341
435	7.190907
436	7.038744
437	7.100151
438	6.979612
439	6.721321
440	6.565980
441	6.497568
442	6.793230
443	6.687377
444	6.647039
445	6.519287
446	6.502731
447	6.404309
448	6.932105
449	6.693750
450	6.333070
451	6.359549
452	6.462355
453	6.695104
454	6.830136
455	6.670443
456	6.635091
457	6.621035
458	6.646568
459	6.671649
460	6.658792
461	6.475317
462	6.221260
463	6.124771
464	5.995363
465	5.942988
466	6.168096
467	6.397302
468	6.788735
469	6.954004
470	6.920552
471	6.660319
472	6.432615
473	6.182668
474	5.955103
475	6.235963
476	6.156550
477	6.186311
478	6.204699
479	6.006986
480	6.521626
481	6.835111
482	6.564471
483	6.367744
484	6.301649
485	6.627219
486	6.646756
487	6.501106
488	6.530518
489	6.607124
490	6.545171
491	6.553641
492	6.554079
493	6.627158
494	6.685351
495	6.593090
496	6.799065
497	6.904183
498	6.960528
499	6.821894
500	6.716105
501	6.995007
502	6.777187
503	6.765934
504	6.962079
505	6.950077
506	6.903432
507	7.334982
508	7.774480
509	8.177139
510	8.193583
511	8.132304
512	8.030846
513	8.238641
514	8.387165
515	8.276995
516	8.329088
517	8.195472
518	8.007634
519	8.174479
520	7.929410
521	8.440255
522	8.607255
523	8.908537
524	8.964492
525	9.077075
526	8.758859
527	8.403287
528	8.521194
529	8.511869
530	8.803174
531	8.504059
532	8.633523
533	8.556211
534	8.305972
535	8.166881
536	8.381891
537	8.536599
538	8.628143
539	8.545252
540	8.418949
541	8.527225
542	8.554605
543	8.557957
544	8.634134
545	8.625443
546	8.660937
547	8.687750
548	8.690775
549	8.603123
550	8.774391
551	8.499019
552	8.469849
553	8.315620
554	8.155712
555	8.046047
556	8.213299
557	8.630424
558	8.912764
559	8.879941
560	8.731433
561	8.860675
562	8.819666
563	8.546619
564	8.482524
565	8.838608
566	8.727706
567	8.479448
568	8.223799
569	8.419111
570	8.725451
571	8.720250
572	8.547099
573	8.584438
574	8.318539
575	8.075562
576	8.083675
577	8.031782
578	8.064774
579	8.194854
580	8.442571
581	8.254508
582	8.395247
583	8.428848
584	8.759135
585	8.670091
586	8.606641
587	8.541964
588	8.641419
589	8.696802
590	8.626339
591	8.700641
592	8.667537
593	8.857713
594	8.870234
595	8.862954
596	8.706398
597	8.307565
598	8.176667
599	8.226733
600	8.106800
601	8.117023
602	7.985906
603	8.087491
604	8.257153
605	8.541146
606	8.686206
607	8.729268
608	8.800620
609	8.683752
610	9.019168
611	8.970033
612	8.525970
613	8.529893
614	8.531477
615	8.456342
616	8.650578
617	8.734193
618	8.611262
619	8.832038
620	8.645079
621	8.669917
622	8.604711
623	8.520573
624	8.550781
625	8.398770
626	8.256289
627	8.356773
628	8.498768
629	8.623026
630	8.575136
631	8.744272
632	8.928903
633	8.922707
634	8.751087
635	8.493658
636	8.583127
637	8.639387
638	8.743650
639	8.918988
640	8.850630
641	8.175099
642	8.390259
643	8.201732
644	8.152031
645	8.149107
646	8.394191
647	8.408145
648	8.320589
649	8.463624
650	8.461422
651	8.509971
652	8.756413
653	8.674732
654	8.290039
655	8.224862
656	8.146119
657	8.154412
658	8.219917
659	8.303147
660	8.413330
661	8.426693
662	8.222517
663	8.142483
664	8.216346
665	8.442846
666	8.626172
667	8.396854
668	8.446098
669	8.574402
670	8.695795
671	8.538798
672	8.164370
673	8.042945
674	8.126130
675	8.236326
676	8.502110
677	8.693466
678	8.727567
679	8.690641
680	8.363823
681	7.259369
682	7.216421
683	7.305251
684	7.621177
685	8.055854
686	8.325105
687	8.659530
688	8.664404
689	8.656758
690	8.633259
691	8.645748
692	8.394175
693	8.340917
694	8.376337
695	8.275188
696	8.379635
697	8.407353
698	8.383691
699	8.308785
700	8.229423
701	8.121417
702	8.032224
703	8.190772
704	8.114147
705	8.196710
706	8.131876
707	8.185995
708	8.484759
709	8.566515
710	8.547221
711	8.466073
712	8.439444
713	8.473639
714	8.336859
715	8.207777
716	8.201967
717	8.140733
718	8.017225
719	8.095606
720	8.045602
721	8.228953
722	8.264312
723	8.290892
724	8.194320
725	8.044516
726	7.868260
727	8.027258
728	7.929769
729	8.091360
730	8.195649
731	8.131153
732	8.111968
733	8.110828
734	8.110747
735	8.115644
736	8.292937
737	8.290366
738	8.336277
739	8.162286
740	8.011011
741	8.009229
742	8.257568
743	8.439865
744	8.350145
745	8.435947
746	8.037419
747	8.289234
748	7.959584
749	7.809432
750	7.801383
751	7.690629
752	7.935218
753	7.981596
754	8.172501
755	8.280753
756	8.165829
757	7.983272
758	7.691583
759	7.342624
760	7.321081
761	7.235103
762	7.193147
763	7.303020
764	7.565765
765	8.010296
766	8.146236
767	8.572429
768	8.555676
769	8.415581
770	8.615543
771	8.578631
772	8.380513
773	8.358913
774	8.424851
775	8.302155
776	8.211537
777	8.057141
778	8.044030
779	7.940888
780	7.858930
781	7.941722
782	8.067660
783	8.235376
784	8.277567
785	8.054194
786	8.195900
787	8.039213
788	8.119516
789	7.989746
790	8.022068
791	8.172576
792	8.219920
793	8.156304
794	8.110896
795	8.017191
796	7.886346
797	7.755345
798	7.728943
799	7.673015
800	7.649522
801	7.683648
802	7.566227
803	7.411830
804	7.685226
805	7.963830
806	8.540102
807	8.421160
808	8.443903
809	8.311890
810	8.011950
811	7.915451
812	7.883488
813	8.131373
814	8.510102
815	8.369375
816	8.152023
817	7.808892
818	7.560126
819	7.632907
820	7.767238
821	7.930903
822	8.157097
823	8.002839
824	8.062549
825	8.033450
826	8.166107
827	8.171489
828	8.485869
829	8.580158
830	8.498300
831	8.083730
832	7.911642
833	8.091055
834	8.395331
835	8.551541
836	8.481055
837	8.266062
838	8.116689
839	8.021655
840	8.038004
841	7.974027
842	8.135709
843	8.211906
844	8.100008
845	7.922818
846	8.013300
847	8.021335
848	8.153948
849	8.135401
850	8.079437
851	8.105244
852	8.212691
853	8.362310
854	8.478660
855	8.369781
856	8.601763
857	8.475094
858	8.524605
859	8.612242
860	8.890083
861	8.906371
862	8.866628
863	9.216861
864	9.165383
865	9.005819
866	8.608309
867	8.668855
868	8.674479
869	8.560561
870	8.592916
871	8.177393
872	8.161905
873	8.202425
874	7.974805
875	7.869588
876	8.000201
877	8.047947
878	8.065642
879	8.019659
880	8.067168
881	7.924006
882	7.651513
883	7.755101
884	7.982536
885	8.149771
886	8.055188
887	8.376698
888	8.388625
889	8.422400
890	8.438206
891	8.846037
892	9.117457
893	9.323278
894	9.128013
895	8.895383
896	9.182336
897	9.096785
898	9.116302
899	8.905075
900	8.794491
901	8.707372
902	8.580120
903	8.685047
904	8.451419
905	8.279037
906	8.367609
907	8.367373
908	8.580028
909	8.702009
910	8.905723
911	8.703917
912	8.815354
913	8.609105
914	8.534013
915	8.358543
916	8.189265
917	8.204279
918	8.190905
919	8.183464
920	8.430295
921	8.690756
922	8.905331
923	9.005922
924	8.869654
925	8.916858
926	8.987572
927	9.321481
928	9.380819
929	9.465101
930	9.120634
931	9.245158
932	9.243192
933	8.995798
934	9.189343
935	9.193989
936	9.169911
937	8.880417
938	8.913769
939	8.662315
940	8.679044
941	8.755226
942	8.818071
943	8.987226
944	8.961358
945	8.789918
946	8.878677
947	9.057453
948	9.336084
949	9.653371
950	9.324343
951	9.024170
952	9.051645
953	8.924383
954	9.092084
955	9.160282
956	9.244298
957	9.152571
958	9.110769
959	9.141143
960	8.985913
961	9.158093
962	8.696549
963	8.680515
964	8.563828
965	8.910205
966	9.148000
967	9.271900
968	9.353539
969	9.219928
970	9.262280
971	9.138633
972	8.854543
973	8.688862
974	8.656758
975	8.525737
976	8.540541
977	8.487618
978	9.036126
979	9.143824
980	9.258241
981	9.196914
982	9.154527
983	8.679259
984	9.057543
985	8.876618
986	8.818296
987	8.874866
988	9.061688
989	9.092748
990	9.293393
991	9.273533
992	9.087458
993	8.949364
994	8.819933
995	8.772717
996	8.896602
997	9.133165
998	8.984302
999	8.787514
1000	9.048179
1001	9.066381
1002	9.002455
1003	8.780737
1004	8.582690
1005	8.758960
1006	8.874178
1007	8.998387
1008	8.945753
1009	9.123720
1010	8.987265
1011	8.908421
1012	8.914583
1013	8.847523
1014	8.848043
1015	8.847445
1016	8.732115
1017	8.523780
1018	8.405553
1019	8.350820
1020	8.438655
1021	8.898270
1022	8.907507
1023	8.786059
1024	8.621884
1025	8.525251
1026	8.586895
1027	8.642155
1028	8.608969
1029	8.523003
1030	8.704597
1031	8.859559
1032	8.842714
1033	8.700430
1034	8.454293
1035	8.331306
1036	8.497709
1037	8.773831
1038	8.822483
1039	8.935841
1040	9.037580
1041	9.207884
1042	9.275157
1043	9.294847
1044	9.269361
1045	9.104331
1046	8.908047
1047	8.765899
1048	8.787618
1049	8.992528
1050	9.166034
1051	9.092469
1052	8.805726
1053	8.703716
1054	8.421332
1055	8.527191
1056	8.690139
1057	8.868906
1058	9.008635
1059	9.317221
1060	9.146355
1061	9.216673
1062	9.255363
1063	9.065232
1064	8.862137
1065	8.524617
1066	8.264505
1067	8.267775
1068	8.246022
1069	8.458608
1070	8.567993
1071	8.381502
1072	8.591344
1073	8.771474
1074	8.332117
1075	8.228995
1076	8.248059
1077	8.419301
1078	8.299466
1079	8.355268
1080	8.620986
1081	8.587382
1082	8.331225
1083	8.440573
1084	8.465973
1085	7.885013
1086	7.800197
1087	7.856014
1088	8.023499
1089	8.345927
1090	8.235989
1091	8.163641
1092	8.277674
1093	8.392060
1094	8.553620
1095	8.457699
1096	8.496264
1097	8.547399
1098	8.303556
1099	8.232626
1100	8.311355
1101	8.434977
1102	8.253160
1103	8.539437
1104	8.461005
1105	8.336631
1106	8.125268
1107	8.214112
1108	8.373331
1109	8.408795
1110	8.391766
1111	8.542909
1112	8.642287
1113	8.692086
1114	8.725835
1115	8.355621
1116	8.450184
1117	8.863420
1118	8.814767
1119	8.680985
1120	8.714107
1121	8.700384
1122	8.530941
1123	8.474639
1124	8.305406
1125	8.331731
1126	8.269711
1127	8.179589
1128	8.137529
1129	7.932341
1130	8.158055
1131	8.258384
1132	8.240752
1133	7.944366
1134	7.653650
1135	7.756774
1136	7.943531
1137	7.826731
1138	7.826482
1139	7.621444
1140	7.727641
1141	7.792899
1142	8.106261
1143	8.163230
1144	8.209676
1145	8.159737
1146	8.034314
1147	7.998767
1148	8.228590
1149	8.486427
1150	8.399836
1151	8.289711
1152	8.187634
1153	8.414836
1154	8.343349
1155	8.293393
1156	8.038209
1157	7.914347
1158	7.947681
1159	8.110440
1160	8.038143
1161	7.745271
1162	8.049647
1163	8.156556
1164	8.122411
1165	7.985931
1166	7.848516
1167	7.943400
1168	7.463167
1169	7.194623
1170	7.260755
1171	7.286395
1172	7.421730
1173	7.491216
1174	7.238510
1175	7.427132
1176	7.570035
1177	7.673159
1178	7.881774
1179	7.731164
1180	7.734562
1181	7.632489
1182	7.504436
1183	7.118432
1184	7.155541
1185	7.304418
1186	7.147923
1187	7.115648
1188	7.432080
1189	7.555827
1190	7.505938
1191	7.255052
1192	7.269270
1193	7.194217
1194	6.934949
1195	7.010762
1196	7.276087
1197	7.395883
1198	7.109397
1199	6.934353
1200	6.872598
1201	6.672203
1202	6.820271
1203	6.924713
1204	7.152432
1205	6.907794
1206	6.518848
1207	6.490471
1208	6.952252
1209	7.364088
1210	7.322817
1211	7.345116
1212	7.614846
1213	7.678240
1214	7.704219
1215	7.329180
1216	7.164721
1217	7.304648
1218	7.519450
1219	7.564855
1220	7.360720
1221	7.128206
1222	6.941543
1223	7.109604
1224	7.388795
1225	7.226346
1226	6.854815
1227	6.549405
1228	6.272471
1229	6.311782
1230	6.085635
1231	5.991433
1232	6.046395
1233	6.284928
1234	6.097388
1235	6.006277
1236	6.119102
1237	5.995084
1238	6.008435
1239	5.765089
1240	5.559968
1241	5.817998
1242	6.249094
1243	6.081863
1244	5.969633
1245	5.892422
1246	5.888435
1247	5.670117
1248	5.665985
1249	6.008443
1250	6.172142
1251	5.852567
1252	5.699665
1253	5.840683
1254	5.818746
1255	5.962108
1256	6.117247
1257	5.966612
1258	5.788551
1259	5.726314
1260	5.801742
1261	5.929215
1262	6.265015
1263	6.279873
1264	6.270766
1265	6.138333
1266	6.112553
1267	6.023052
1268	5.973979
1269	6.049344
1270	6.063376
1271	6.302118
1272	5.862956
1273	5.729948
1274	5.918888
1275	6.034733
1276	5.993142
1277	5.928573
1278	6.089465
1279	6.241479
1280	6.275969
1281	5.685106
1282	5.224438
1283	5.297599
1284	5.442254
1285	5.760641
1286	6.239966
1287	6.313115
1288	6.140347
1289	6.187612
1290	6.062489
1291	5.971391
1292	5.822904
1293	6.104352
1294	6.199377
1295	6.046131
1296	5.873949
1297	6.027306
1298	6.048193
1299	5.853927
1300	6.103710
1301	6.187546
1302	6.090841
1303	5.952816
1304	5.934397
1305	5.928365
1306	5.939858
1307	5.849724
1308	6.040573
1309	6.134872
1310	6.172559
1311	5.905912
1312	6.053267
1313	6.147459
1314	6.412280
1315	6.560533
1316	6.563601
1317	6.098241
1318	5.905970
1319	5.802096
1320	5.585601
1321	5.518828
1322	5.302910
1323	5.666816
1324	5.869624
1325	6.132855
1326	6.338361
1327	6.119508
1328	5.939364
1329	5.823232
1330	5.727018
1331	5.588297
1332	5.675504
1333	5.793421
1334	6.272070
1335	6.611235
1336	6.223517
1337	5.998688
1338	6.166462
1339	6.150462
1340	6.343509
1341	6.452153
1342	6.182318
1343	6.302299
1344	6.315717
1345	6.004744
1346	5.772563
1347	6.064624
1348	6.019677
1349	5.989873
1350	6.091267
1351	5.925927
1352	6.113081
1353	6.246040
1354	6.106709
1355	5.867657
1356	6.070671
1357	5.962337
1358	6.097256
1359	6.163123
1360	6.173927
1361	6.123584
1362	6.145113
1363	6.215373
1364	6.267300
1365	6.326602
1366	6.024261
1367	6.011321
1368	6.003976
1369	5.857933
1370	5.840673
1371	5.883237
1372	5.859992
1373	6.126084
1374	6.268917
1375	6.375604
1376	6.027290
1377	5.989133
1378	5.967971
1379	5.769706
1380	5.440373
1381	5.622677
1382	5.791272
1383	5.830351
1384	6.028076
1385	6.077879
1386	6.148625
1387	6.398668
1388	6.487646
1389	6.387600
1390	6.209065
1391	6.087864
1392	5.734766
1393	5.696805
1394	5.690467
1395	5.629694
1396	5.752683
1397	5.881792
1398	6.026513
1399	5.920040
1400	6.094347
1401	6.012331
1402	6.082939
1403	6.133138
1404	5.907598
1405	5.860352
1406	5.849700
1407	6.048202
1408	5.989362
1409	5.921476
1410	5.782710
1411	5.786770
1412	6.003232
1413	6.154135
1414	6.209819
1415	6.046580
1416	6.198770
1417	6.010332
1418	5.844553
1419	5.776039
1420	5.758368
1421	5.835896
1422	6.031321
1423	5.784953
1424	5.763568
1425	6.033874
1426	6.141288
1427	6.127347
1428	5.986490
1429	6.000314
1430	6.145247
1431	6.090107
1432	5.923504
1433	5.702597
1434	5.896274
1435	6.016019
1436	5.975713
1437	6.074483
1438	6.144370
1439	6.335102
1440	6.346468
1441	5.984572
1442	5.887778
1443	6.119683
1444	5.966032
1445	5.858113
1446	5.648624
1447	5.536503
1448	5.507658
1449	5.565792
1450	5.437987
1451	5.480784
1452	5.585048
1453	5.697878
1454	5.499455
1455	5.501217
1456	5.666901
1457	5.865654
1458	6.190932
1459	6.057942
1460	5.868847
1461	6.003035
1462	5.736381
1463	5.478606
1464	5.660605
1465	5.795104
1466	5.933207
1467	6.036782
1468	5.660827
1469	5.665280
1470	5.776873
1471	6.029521
1472	5.844521
1473	5.767040
1474	5.564534
1475	5.729387
1476	5.853567
1477	6.009717
1478	5.859102
1479	5.542705
1480	5.426699
1481	5.381281
1482	5.744287
1483	5.943799
1484	6.088301
1485	5.984072
1486	5.885973
1487	6.087866
1488	6.224864
1489	6.141532
1490	6.064214
1491	6.032726
1492	5.892702
1493	6.165162
1494	6.269529
1495	6.286477
1496	6.002357
1497	5.715861
1498	5.723262
1499	5.642815
1500	5.645845
1501	5.766893
1502	6.051752
1503	6.055399
1504	6.114058
1505	6.245384
1506	5.914847
1507	5.523602
1508	5.539582
1509	5.532929
1510	5.431289
1511	5.524112
1512	5.557873
1513	5.832279
1514	6.051460
1515	6.098302
1516	5.909076
1517	5.804651
1518	5.845935
1519	6.006673
1520	6.083493
1521	5.907604
1522	6.008431
1523	5.881205
1524	6.058452
1525	5.732796
1526	5.712793
1527	5.760832
1528	5.837715
1529	5.933692
1530	5.996737
1531	5.792517
1532	6.026309
1533	6.265998
1534	6.191291
1535	6.277197
1536	6.094698
1537	5.887207
1538	5.846674
1539	5.565067
1540	5.458488
1541	5.269855
1542	4.758550
1543	4.868058
1544	5.106508
1545	5.516866
1546	5.746716
1547	5.616986
1548	5.475519
1549	5.460829
1550	5.574829
1551	5.813106
1552	5.886738
1553	6.206886
1554	6.335911
1555	5.894883
1556	5.863845
1557	6.059183
1558	6.038140
1559	6.157949
1560	6.053218
1561	6.027730
1562	6.140514
1563	6.164974
1564	6.517960
1565	6.249965
1566	6.113589
1567	5.889719
1568	6.001086
1569	5.688640
1570	5.936514
1571	6.053667
1572	6.360825
1573	6.279037
1574	6.020244
1575	5.964029
1576	5.707607
1577	5.597406
1578	5.503697
1579	5.882709
1580	5.797143
1581	5.709224
1582	5.769105
1583	5.626197
1584	5.611147
1585	5.713123
1586	5.976498
1587	6.007456
1588	6.074091
1589	6.165766
1590	6.208893
1591	6.266261
1592	6.111567
1593	5.862844
1594	5.437057
1595	5.220769
1596	5.500305
1597	5.694328
1598	5.969741
1599	5.970826
1600	5.738088
1601	5.638949
1602	5.450753
1603	5.574335
1604	5.618532
1605	5.646369
1606	6.044515
1607	5.990662
1608	5.911328
1609	5.917797
1610	5.919700
1611	5.977613
1612	5.807434
1613	5.524207
1614	5.713672
1615	5.911376
1616	6.264128
1617	6.149031
1618	5.979609
1619	5.892278
1620	5.825487
1621	5.786452
1622	6.102530
1623	6.022818
1624	6.068700
1625	6.011036
1626	5.833824
1627	5.848921
1628	5.790594
1629	5.696672
1630	5.761198
1631	5.900877
1632	6.048451
1633	5.980770
1634	5.834621
1635	5.860941
1636	5.707939
1637	5.440730
1638	5.257123
1639	5.340350
1640	5.404945
1641	5.675949
1642	6.202471
1643	6.335141
1644	6.128492
1645	5.907261
1646	5.955163
1647	6.002438
1648	6.021433
1649	6.041638
1650	5.896478
1651	6.296392
1652	5.964936
1653	5.971720
1654	6.178847
1655	6.290763
1656	6.314488
1657	6.108620
1658	6.087091
1659	5.841530
1660	5.774816
1661	5.706560
1662	5.819255
1663	5.707524
1664	5.679792
1665	5.648842
1666	5.998138
1667	6.076660
1668	6.366049
1669	6.281196
1670	6.587231
1671	6.563365
1672	6.340331
1673	5.961169
1674	5.814543
1675	5.810096
1676	5.913559
1677	5.822068
1678	5.650908
1679	5.652565
1680	5.727849
1681	5.839450
1682	6.041950
1683	5.955662
1684	5.895672
1685	6.144244
1686	5.917624
1687	5.834524
1688	6.018725
1689	5.972961
1690	5.947429
1691	6.117876
1692	6.025612
1693	6.063919
1694	5.975434
1695	6.025572
1696	6.111693
1697	6.204666
1698	6.315609
1699	6.249271
1700	6.144682
1701	5.907570
1702	5.787127
1703	5.685055
1704	5.272743
1705	5.513192
1706	5.995419
1707	6.301041
1708	6.162886
1709	6.296201
1710	6.259874
1711	6.112799
1712	6.069474
1713	6.292660
1714	6.339746
1715	6.044809
1716	6.093225
1717	5.806144
1718	5.944197
1719	5.814208
1720	6.212286
1721	6.350020
1722	6.164069
1723	6.321466
1724	6.235729
1725	6.200296
1726	5.634902
1727	5.769513
1728	5.781713
1729	5.855278
1730	6.059123
1731	6.074621
1732	6.141001
1733	6.110787
1734	6.096627
1735	5.964657
1736	5.866925
1737	5.861170
1738	5.966073
1739	6.051968
1740	5.998246
1741	5.819659
1742	5.747738
1743	6.077177
1744	6.387844
1745	6.454109
1746	6.415725
1747	6.200380
1748	5.859042
1749	5.643661
1750	5.825783
1751	6.059698
1752	6.298271
1753	6.252333
1754	6.352217
1755	6.202847
1756	5.866580
1757	5.719357
1758	5.799045
1759	5.938077
1760	6.023286
1761	6.081881
1762	5.892422
1763	5.754419
1764	5.917895
1765	5.955252
1766	5.906432
1767	5.971725
1768	6.070832
1769	6.469515
1770	6.493248
1771	6.609390
1772	6.404463
1773	6.140558
1774	6.190447
1775	6.006061
1776	5.750764
1777	6.062335
1778	6.243657
1779	5.901457
1780	5.898029
1781	5.864826
1782	5.921082
1783	6.132472
1784	6.050935
1785	6.076551
1786	6.176435
1787	6.153444
1788	6.102422
1789	5.962553
1790	5.887016
1791	5.903363
1792	5.754792
1793	5.713626
1794	5.937285
1795	6.319723
1796	6.173840
1797	6.307838
1798	6.110927
1799	6.064077
1800	5.990736
1801	6.173824
1802	6.109124
1803	6.204451
1804	6.299860
1805	5.950309
1806	5.899374
1807	5.999194
1808	6.131536
1809	6.237030
1810	6.323435
1811	6.301667
1812	6.279294
1813	6.412766
1814	6.453841
1815	6.345268
1816	6.182270
1817	6.091309
1818	6.113680
1819	6.259427
1820	6.253394
1821	6.357643
1822	6.410933
1823	6.244593
1824	6.213292
1825	6.260413
1826	6.040738
1827	6.091241
1828	6.075185
1829	6.183476
1830	6.262941
1831	6.300514
1832	6.505850
1833	6.442209
1834	6.505430
1835	6.428748
1836	6.137960
1837	6.091717
1838	6.047810
1839	6.199573
1840	6.058534
1841	6.155389
1842	6.431700
1843	6.460271
1844	5.812696
1845	5.502378
1846	5.687055
1847	6.122556
1848	6.106748
1849	5.911173
1850	6.001853
1851	6.022799
1852	5.817879
1853	5.882925
1854	6.174969
1855	6.247281
1856	6.261093
1857	6.648134
1858	6.627747
1859	6.551320
1860	6.591249
1861	6.688088
1862	6.459570
1863	6.274413
1864	6.157099
1865	6.115098
1866	6.015248
1867	6.208230
1868	6.392480
1869	6.216302
1870	6.063156
1871	6.062390
1872	5.975545
1873	5.689310
1874	5.793414
1875	6.068461
1876	6.578981
1877	6.818521
1878	6.584047
1879	6.367887
1880	5.985306
1881	6.014563
1882	5.884430
1883	6.040434
1884	6.340372
1885	6.259941
1886	6.180053
1887	5.959439
1888	5.814258
1889	5.905859
1890	6.266243
1891	6.320283
1892	6.373303
1893	6.285502
1894	6.218731
1895	5.958430
1896	5.812800
1897	5.506125
1898	5.615088
1899	5.818511
1900	6.220726
1901	6.420902
1902	6.390478
1903	6.594365
1904	6.481071
1905	6.256450
1906	6.025916
1907	6.012179
1908	6.198384
1909	6.156394
1910	6.194417
1911	6.068277
1912	6.237368
1913	6.384355
1914	6.420206
1915	6.416686
1916	6.387396
1917	6.056347
1918	6.025921
1919	5.806244
1920	5.690271
1921	5.558455
1922	5.586385
1923	5.757277
1924	6.023946
1925	5.960584
1926	6.136365
1927	6.269944
1928	6.305379
1929	6.305644
1930	6.045199
1931	6.017672
1932	5.927878
1933	5.668306
1934	5.817773
1935	6.035725
1936	6.346170
1937	6.629935
1938	6.813383
1939	7.218555
1940	7.082572
1941	6.818172
1942	6.481405
1943	6.580232
1944	6.351038
1945	6.187075
1946	6.143504
1947	6.357831
1948	6.296021
1949	6.395038
1950	6.223995
1951	6.132869
1952	6.226112
1953	6.096736
1954	6.378583
1955	6.272686
1956	5.776637
1957	6.004162
1958	5.970394
1959	5.985757
1960	6.243341
1961	6.464372
1962	6.403855
1963	6.568202
1964	6.462842
1965	6.163813
1966	5.873968
1967	6.180168
1968	6.313397
1969	6.255642
1970	6.491199
1971	6.616705
1972	6.384890
1973	6.300860
1974	6.129782
1975	5.857836
1976	5.867918
1977	5.907841
1978	5.857264
1979	6.146968
1980	6.304287
1981	6.252629
1982	6.200948
1983	6.367761
1984	6.172148
1985	6.131886
1986	6.166341
1987	6.265264
1988	6.125808
1989	6.189845
1990	6.386405
1991	6.291112
1992	6.318438
1993	6.459416
1994	6.240504
1995	6.339977
1996	6.233024
1997	5.905550
1998	6.050911
1999	6.255999
2000	6.449106
2001	6.484040
2002	6.188451
2003	5.581281
2004	5.634799
2005	5.597839
2006	5.706312
2007	5.961832
2008	6.237349
2009	6.047001
2010	6.006386
2011	6.287150
2012	6.316670
2013	6.046068
2014	6.140466
2015	6.216210
2016	6.243683
2017	6.125326
2018	6.140583
2019	6.209508
2020	6.269668
2021	6.244426
2022	6.396545
2023	6.224595
2024	6.000261
2025	5.988976
2026	5.960178
2027	6.049439
2028	6.053385
2029	6.335607
2030	6.410748
2031	6.346027
2032	6.351768
2033	6.134956
2034	5.910857
2035	5.609334
2036	5.875691
2037	6.090418
2038	6.031065
2039	6.072099
2040	6.190757
2041	6.234040
2042	6.226954
2043	6.270901
2044	6.022849
2045	6.257965
2046	6.603505
2047	6.377250
2048	6.464946
2049	6.308005
2050	5.967435
2051	5.841752
2052	6.034840
2053	6.529644
2054	6.747722
2055	6.716567
2056	6.573973
2057	6.616544
2058	6.175826
2059	5.963906
2060	6.110778
2061	6.374013
2062	6.751336
2063	6.803949
2064	6.428287
2065	6.510005
2066	6.628790
2067	7.171078
2068	7.601038
2069	7.338615
2070	7.320520
2071	6.990101
2072	7.029930
2073	6.932827
2074	7.020525
2075	6.930981
2076	6.704503
2077	6.512098
2078	6.251542
2079	6.102206
2080	6.261315
2081	6.312079
2082	6.146310
2083	6.043111
2084	6.001898
2085	6.183295
2086	6.041371
2087	6.046344
2088	6.119026
2089	6.079237
2090	6.095724
2091	6.062738
2092	6.245859
2093	6.407364
2094	6.347452
2095	6.335474
2096	6.191823
2097	6.374649
2098	6.307263
2099	6.335311
2100	6.226062
2101	6.130810
2102	6.095253
2103	6.311077
2104	6.110939
2105	6.222712
2106	6.536045
2107	6.643922
2108	6.379000
2109	6.105584
2110	6.032554
2111	5.952059
2112	6.082541
2113	6.189328
2114	5.983928
2115	5.915659
2116	6.282969
2117	6.190259
2118	6.246009
2119	6.281013
2120	6.545992
2121	6.555506
2122	6.596694
2123	6.463745
2124	6.192034
2125	6.095650
2126	6.140084
2127	5.888456
2128	5.849061
2129	5.896031
2130	6.092749
2131	6.187376
2132	6.334155
2133	6.053374
2134	5.874121
2135	6.382753
2136	6.502681
2137	6.295062
2138	6.350018
2139	6.125525
2140	6.357554
2141	6.538609
2142	6.227268
2143	6.447803
2144	6.660758
2145	6.596726
2146	6.430800
2147	6.317683
2148	6.107436
2149	6.156281
2150	6.029555
2151	5.944586
2152	5.967202
2153	6.017398
2154	5.837396
2155	5.768971
2156	6.301293
2157	6.629120
2158	6.691220
2159	6.575508
2160	6.482016
2161	6.366197
2162	6.344217
2163	6.377356
2164	6.237964
2165	6.112614
2166	6.277074
2167	6.522097
2168	6.400384
2169	6.272192
2170	6.378695
2171	6.496393
2172	6.631832
2173	6.584686
2174	6.653188
2175	6.561959
2176	6.391841
2177	6.165666
2178	6.160113
2179	6.255400
2180	6.314267
2181	6.096674
2182	6.146887
2183	6.351523
2184	6.255207
2185	6.274784
2186	6.434289
2187	6.786942
2188	6.768742
2189	6.415849
2190	6.540198
2191	6.393904
2192	6.001981
2193	6.007068
2194	6.203157
2195	6.314028
2196	6.562119
2197	6.419611
2198	6.413993
2199	6.496205
2200	6.357887
2201	6.444643
2202	6.406022
2203	6.314595
2204	5.943444
2205	5.779494
2206	5.965907
2207	6.113158
2208	5.930591
2209	6.113455
2210	6.313831
2211	6.396271
2212	6.098813
2213	6.146976
2214	6.264540
2215	6.403936
2216	6.311723
2217	6.278206
2218	6.294487
2219	6.375583
2220	6.257704
2221	6.250851
2222	6.202965
2223	6.337204
2224	6.464798
2225	6.452465
2226	6.385546
2227	6.558930
2228	6.513739
2229	6.323261
2230	6.304723
2231	6.656375
2232	6.914162
2233	6.692798
2234	6.376088
2235	6.540944
2236	6.628922
2237	6.850788
2238	6.790248
2239	6.877612
2240	6.780076
2241	6.724868
2242	6.765781
2243	6.544937
2244	6.462260
2245	6.366741
2246	6.458361
2247	6.545280
2248	6.372258
2249	6.298187
2250	6.554729
2251	6.526657
2252	6.604551
2253	6.644593
2254	6.741599
2255	6.666953
2256	6.587982
2257	6.451009
2258	6.383914
2259	6.090429
2260	5.741262
2261	5.960830
2262	6.225216
2263	6.479922
2264	6.534289
2265	6.379978
2266	6.329447
2267	6.608322
2268	6.618859
2269	6.572138
2270	6.597268
2271	6.650012
2272	6.638431
2273	6.367882
2274	6.030412
2275	6.365829
2276	6.521007
2277	6.562762
2278	6.590872
2279	6.588398
2280	6.417490
2281	6.519966
2282	6.571846
2283	6.413579
2284	6.397319
2285	6.560769
2286	6.205616
2287	6.159160
2288	6.199408
2289	6.591945
2290	6.895342
2291	6.810291
2292	6.350720
2293	6.568896
2294	6.714324
2295	6.586301
2296	6.539217
2297	6.698227
2298	6.733853
2299	6.391201
2300	5.951331
2301	5.824231
2302	5.903863
2303	6.103477
2304	6.200461
2305	6.327654
2306	6.164636
2307	6.238230
2308	6.193091
2309	6.200590
2310	6.226441
2311	6.484316
2312	6.653198
2313	6.586823
2314	6.799061
2315	7.109946
2316	7.335035
2317	7.193302
2318	7.032822
2319	7.129504
2320	7.200227
2321	7.339948
2322	7.539448
2323	7.203914
2324	6.671567
2325	6.253649
2326	6.215376
2327	6.242619
2328	6.439000
2329	6.468265
2330	6.355073
2331	6.227555
2332	6.340453
2333	6.505541
2334	6.512671
2335	6.787951
2336	7.073341
2337	7.034125
2338	6.765224
2339	6.672813
2340	6.535420
2341	6.517926
2342	6.756592
2343	6.969000
2344	6.988388
2345	7.020947
2346	6.636060
2347	6.752429
2348	6.574547
2349	6.662370
2350	6.556822
2351	6.642881
2352	6.913307
2353	7.066020
2354	7.301509
2355	7.554241
2356	7.461819
2357	7.150206
2358	7.034897
2359	6.836390
2360	6.980306
2361	7.279953
2362	7.178092
2363	7.058054
2364	6.836637
2365	6.720779
2366	6.429754
2367	6.637865
2368	6.754982
2369	6.891829
2370	7.244659
2371	7.294460
2372	6.951620
2373	6.667587
2374	6.832757
2375	6.958096
2376	6.726647
2377	6.548146
2378	6.399774
2379	6.604792
2380	6.707020
2381	6.810368
2382	6.735442
2383	6.665745
2384	7.017869
2385	7.400145
2386	7.478021
2387	7.087872
2388	6.725533
2389	6.970953
2390	7.466000
2391	7.523319
2392	7.422288
2393	7.397783
2394	7.577393
2395	7.365736
2396	6.963694
2397	6.972016
2398	7.103041
2399	6.945371
2400	6.753155
2401	6.759242
2402	6.559188
2403	6.432401
2404	6.649404
2405	7.210430
2406	7.471494
2407	7.749825
2408	7.762273
2409	7.324425
2410	7.059819
2411	7.203201
2412	7.324170
2413	7.272573
2414	7.095559
2415	7.011896
2416	7.278097
2417	7.475743
2418	7.533700
2419	7.374593
2420	7.324091
2421	7.442544
2422	7.616507
2423	7.416963
2424	7.170505
2425	7.140596
2426	7.280263
2427	7.347076
2428	7.320962
2429	7.128999
2430	7.203322
2431	7.276100
2432	7.352911
2433	7.531599
2434	7.684383
2435	7.696353
2436	7.477029
2437	7.094499
2438	6.672030
2439	6.765086
2440	7.038646
2441	7.114630
2442	7.147009
2443	6.953357
2444	6.847074
2445	6.928119
2446	6.895614
2447	6.907416
2448	6.894923
2449	7.018913
2450	7.218997
2451	7.424715
2452	7.332190
2453	6.923982
2454	6.935485
2455	7.243342
2456	7.478128
2457	7.574120
2458	7.642107
2459	7.819926
2460	7.766975
2461	7.598635
2462	7.366196
2463	7.357110
2464	7.316930
2465	7.388093
2466	7.312244
2467	7.465850
2468	7.573615
2469	7.390366
2470	7.191568
2471	6.965525
2472	7.011240
2473	6.952696
2474	6.739746
2475	6.436604
2476	6.042867
2477	5.958031
2478	6.094040
2479	6.369870
2480	6.853327
2481	7.120811
2482	7.156554
2483	6.868032
2484	6.550441
2485	6.466231
2486	6.509582
2487	6.709381
2488	6.894063
2489	6.993389
2490	7.064649
2491	7.309434
2492	7.196153
2493	6.848703
2494	6.440499
2495	6.325571
2496	6.213320
2497	6.593485
2498	6.908454
2499	7.040510
2500	7.179124
2501	7.201395
2502	7.273770
2503	7.143823
2504	7.031538
2505	6.887945
2506	6.928863
2507	7.027427
2508	7.410219
2509	7.530067
2510	7.324974
2511	7.455101
2512	7.426672
2513	7.092708
2514	6.800748
2515	6.951002
2516	6.954021
2517	6.956868
2518	7.170748
2519	7.552253
2520	7.634616
2521	7.622892
2522	7.414265
2523	7.291906
2524	6.766322
2525	6.675997
2526	7.050117
2527	7.358304
2528	7.692420
2529	7.735088
2530	7.551127
2531	7.216532
2532	6.980079
2533	7.111069
2534	7.319941
2535	7.400050
2536	7.054325
2537	7.020341
2538	7.139805
2539	7.314373
2540	7.206084
2541	6.994203
2542	6.928144
2543	7.511897
2544	8.077581
2545	8.321244
2546	8.102740
2547	7.804276
2548	7.515552
2549	7.349484
2550	7.414394
2551	7.520710
2552	7.422343
2553	7.337359
2554	7.421939
2555	7.625866
2556	7.416973
2557	7.079138
2558	7.107868
2559	7.141035
2560	7.005117
