
Resp charges for organic molecule                                               

iqopt   irstrnt  ihfree     qwt
  2      1      1        0.001000

 rel.rms   dipole mom       Qxx      Qyy      Qzz
    6.28601   4.71088 -50.23846 -13.21317  63.45162

          Point charges before & after optimization
    NO   At.No.    q0           q(opt)   IVARY  d(rstr)/dq 
     1     8  -1.479514      -1.479514  -99    0.000674
     2     6   2.687179       2.687179  -99    0.000372
     3     6  -1.395703      -1.395703  -99    0.000715
     4     6   0.139184       0.139184  -99    0.005835
     5     6   0.685498       0.685498  -99    0.001444
     6     6   0.025409       0.025409  -99    0.009692
     7     6   0.685498       0.685498  -99    0.001444
     8     6   0.139184       0.139184  -99    0.005835
     9     6   2.687179       2.687179  -99    0.000372
    10     6  -1.395703      -1.395703  -99    0.000715
    11     6   0.139184       0.139184  -99    0.005835
    12     6   0.685498       0.685498  -99    0.001444
    13     6   0.025409       0.025409  -99    0.009692
    14     6   0.685498       0.685498  -99    0.001444
    15     6   0.139184       0.139184  -99    0.005835
    16     1  -1.169821      -1.169821  -99    0.000000
    17     1  -0.042207      -0.042207  -99    0.000000
    18     1  -0.546574      -0.546574  -99    0.000000
    19     1  -0.379108      -0.379108  -99    0.000000
    20     1  -0.546574      -0.546574  -99    0.000000
    21     1  -0.042207      -0.042207  -99    0.000000
    22     1  -1.169821      -1.169821  -99    0.000000
    23     1  -0.042207      -0.042207  -99    0.000000
    24     1  -0.546574      -0.546574  -99    0.000000
    25     1  -0.379108      -0.379108  -99    0.000000
    26     1  -0.546574      -0.546574  -99    0.000000
    27     1  -0.042207      -0.042207  -99    0.000000

        Statistics of the fitting:
  The initial sum of squares (ssvpot)                      2.033
  The residual sum of squares (chipot)                    80.315
  The std err of estimate (sqrt(chipot/N))               0.10330
  ESP relative RMS (SQRT(chipot/ssvpot))                 6.28601

 Dipole Moment (Debye)=   4.71088
