 ___energy_hartree  E_kj/mol      step
 -1912.054872130000     0.000         1
 -1912.054871640000     0.001         2
 -1912.054870450000     0.004         3
 -1912.054868680000     0.009         4
 -1912.054866260000     0.015         5
 -1912.054863270000     0.023         6
 -1912.054859690000     0.033         7
 -1912.054855520000     0.044         8
 -1912.054850870000     0.056         9
 -1912.054845750000     0.069        10
 -1912.054840230000     0.084        11
 -1912.054834350000     0.099        12
 -1912.054828150000     0.115        13
 -1912.054821640000     0.133        14
 -1912.054814800000     0.151        15
 -1912.054807620000     0.169        16
 -1912.054800060000     0.189        17
 -1912.054792020000     0.210        18
 -1912.054783460000     0.233        19
 -1912.054774310000     0.257        20
 -1912.054764700000     0.282        21
 -1912.054754470000     0.309        22
 -1912.054743760000     0.337        23
 -1912.054732610000     0.366        24
 -1912.054721060000     0.397        25
 -1912.054709280000     0.428        26
 -1912.054697280000     0.459        27
 -1912.054685200000     0.491        28
 -1912.054673030000     0.523        29
 -1912.054660880000     0.555        30
 -1912.054648620000     0.587        31
 -1912.054636120000     0.620        32
 -1912.054623260000     0.653        33
 -1912.054609780000     0.689        34
 -1912.054595550000     0.726        35
 -1912.054580280000     0.766        36
 -1912.054563790000     0.810        37
 -1912.054545800000     0.857        38
 -1912.054526180000     0.908        39
 -1912.054504690000     0.965        40
 -1912.054481100000     1.027        41
 -1912.054455240000     1.095        42
 -1912.054426940000     1.169        43
 -1912.054396010000     1.250        44
 -1912.054362330000     1.338        45
 -1912.054325820000     1.434        46
 -1912.054286230000     1.538        47
 -1912.054243540000     1.650        48
 -1912.054197570000     1.771        49
 -1912.054148240000     1.901        50
 -1912.054095430000     2.039        51
 -1912.054039010000     2.187        52
 -1912.053978950000     2.345        53
 -1912.053915280000     2.512        54
 -1912.053847830000     2.689        55
 -1912.053776280000     2.877        56
 -1912.053702140000     3.072        57
 -1912.053624290000     3.276        58
 -1912.053542450000     3.491        59
 -1912.053456340000     3.717        60
 -1912.053364950000     3.957        61
 -1912.053268180000     4.211        62
 -1912.053165870000     4.480        63
 -1912.053057830000     4.763        64
 -1912.052943890000     5.063        65
 -1912.052823900000     5.378        66
 -1912.052697700000     5.709        67
 -1912.052565190000     6.057        68
 -1912.052426300000     6.422        69
 -1912.052281030000     6.803        70
 -1912.052129620000     7.200        71
 -1912.051973210000     7.611        72
 -1912.051813380000     8.031        73
 -1912.051649600000     8.461        74
 -1912.051481870000     8.901        75
 -1912.051297890000     9.384        76
 -1912.051123390000     9.842        77
 -1912.050939240000    10.326        78
 -1912.050766270000    10.780        79
 -1912.050589160000    11.245        80
 -1912.050411130000    11.712        81
 -1912.050231930000    12.183        82
 -1912.050050560000    12.659        83
 -1912.049866310000    13.143        84
 -1912.049678530000    13.636        85
 -1912.049486720000    14.139        86
 -1912.049290590000    14.654        87
 -1912.049089900000    15.181        88
 -1912.048884390000    15.721        89
 -1912.048673730000    16.274        90
 -1912.048457680000    16.841        91
 -1912.048236030000    17.423        92
 -1912.048008540000    18.020        93
 -1912.047774990000    18.634        94
 -1912.047535210000    19.263        95
 -1912.047288940000    19.910        96
 -1912.047035980000    20.574        97
 -1912.046776160000    21.256        98
 -1912.046509210000    21.957        99
 -1912.046234950000    22.677       100
 -1912.045953170000    23.417       101
 -1912.045663660000    24.177       102
 -1912.045366250000    24.958       103
 -1912.045060810000    25.760       104
 -1912.044747110000    26.583       105
 -1912.044425020000    27.429       106
 -1912.044094380000    28.297       107
 -1912.043755030000    29.188       108
 -1912.043406820000    30.102       109
 -1912.043049590000    31.040       110
 -1912.042683210000    32.002       111
 -1912.042307510000    32.988       112
 -1912.041922350000    34.000       113
 -1912.041527570000    35.036       114
 -1912.041123050000    36.098       115
 -1912.040708620000    37.186       116
 -1912.040284150000    38.301       117
 -1912.039849500000    39.442       118
 -1912.039404540000    40.610       119
 -1912.038949140000    41.806       120
 -1912.038483170000    43.029       121
 -1912.038006540000    44.281       122
 -1912.037519130000    45.560       123
 -1912.037020890000    46.868       124
 -1912.036511760000    48.205       125
 -1912.035991710000    49.571       126
 -1912.035460760000    50.965       127
 -1912.034918940000    52.387       128
 -1912.034366350000    53.838       129
 -1912.033803160000    55.317       130
 -1912.033229460000    56.823       131
 -1912.032645690000    58.356       132
 -1912.032051950000    59.914       133
 -1912.031448820000    61.498       134
 -1912.030836760000    63.105       135
 -1912.030216440000    64.734       136
 -1912.029588680000    66.382       137
 -1912.028954390000    68.047       138
 -1912.028314830000    69.726       139
 -1912.027671520000    71.415       140
 -1912.027026350000    73.109       141
 -1912.026381980000    74.801       142
 -1912.025741930000    76.481       143
 -1912.025111430000    78.137       144
 -1912.024498960000    79.745       145
 -1912.023924910000    81.252       146
 -1912.027072680000    72.987       147
 -1912.027303180000    72.382       148
 -1912.027550920000    71.732       149
 -1912.027816110000    71.036       150
 -1912.028108540000    70.268       151
 -1912.028430830000    69.422       152
 -1912.028775580000    68.516       153
 -1912.030153490000    64.899       154
 -1912.030730980000    63.383       155
 -1912.031325700000    61.821       156
 -1912.031940520000    60.207       157
 -1912.032570690000    58.552       158
 -1912.033216570000    56.857       159
 -1912.033880730000    55.113       160
 -1912.034559940000    53.330       161
 -1912.035253290000    51.509       162
 -1912.035959990000    49.654       163
 -1912.036679300000    47.765       164
 -1912.037410690000    45.845       165
 -1912.038153810000    43.894       166
 -1912.038908340000    41.913       167
 -1912.039674040000    39.903       168
 -1912.040450640000    37.864       169
 -1912.041237880000    35.797       170
 -1912.042035230000    33.703       171
 -1912.042842060000    31.585       172
 -1912.043657790000    29.443       173
 -1912.044481790000    27.280       174
 -1912.045313450000    25.096       175
 -1912.046152170000    22.894       176
 -1912.046997340000    20.675       177
 -1912.047848340000    18.441       178
 -1912.048704540000    16.193       179
 -1912.049565320000    13.933       180
 -1912.050429980000    11.663       181
 -1912.051297710000     9.385       182
 -1912.052167460000     7.101       183
 -1912.053038030000     4.815       184
 -1912.053908170000     2.531       185
 -1912.054776630000     0.251       186
 -1912.055642060000    -2.021       187
 -1912.056503130000    -4.282       188
 -1912.057358420000    -6.528       189
 -1912.058206490000    -8.754       190
 -1912.059045840000   -10.958       191
 -1912.059874870000   -13.135       192
 -1912.060691870000   -15.280       193
 -1912.061495000000   -17.388       194
 -1912.062282190000   -19.455       195
 -1912.063051180000   -21.474       196
 -1912.063799630000   -23.439       197
 -1912.064525100000   -25.344       198
 -1912.065225060000   -27.182       199
 -1912.065896870000   -28.945       200
 -1912.066537840000   -30.628       201
 -1912.067145400000   -32.223       202
 -1912.067717070000   -33.724       203
 -1912.068249900000   -35.123       204
 -1912.068739990000   -36.410       205
 -1912.069183730000   -37.575       206
 -1912.069578080000   -38.610       207
 -1912.069918960000   -39.505       208
 -1912.070201510000   -40.247       209
 -1912.070421520000   -40.825       210
 -1912.070574880000   -41.228       211
 -1912.070656110000   -41.441       212
 -1912.070660070000   -41.451       213


